# Sprite Sheet Atlas: raven-fantasy-16x16-spritesheet.png
# Total sprites: 2192
# Sheet size: 752x752
# Icon size: 16x16
# Format: name\tx\ty\twidth\theight
fa1	0	0	16	16
fa2	16	0	16	16
fa3	32	0	16	16
fa4	48	0	16	16
fa5	64	0	16	16
fa6	80	0	16	16
fa7	96	0	16	16
fa8	112	0	16	16
fa9	128	0	16	16
fa10	144	0	16	16
fa11	160	0	16	16
fa12	176	0	16	16
fa13	192	0	16	16
fa14	208	0	16	16
fa15	224	0	16	16
fa16	240	0	16	16
fa17	256	0	16	16
fa18	272	0	16	16
fa19	288	0	16	16
fa20	304	0	16	16
fa21	320	0	16	16
fa22	336	0	16	16
fa23	352	0	16	16
fa24	368	0	16	16
fa25	384	0	16	16
fa26	400	0	16	16
fa27	416	0	16	16
fa28	432	0	16	16
fa29	448	0	16	16
fa30	464	0	16	16
fa31	480	0	16	16
fa32	496	0	16	16
fa33	512	0	16	16
fa34	528	0	16	16
fa35	544	0	16	16
fa36	560	0	16	16
fa37	576	0	16	16
fa38	592	0	16	16
fa39	608	0	16	16
fa40	624	0	16	16
fa41	640	0	16	16
fa42	656	0	16	16
fa43	672	0	16	16
fa44	688	0	16	16
fa45	704	0	16	16
fa46	720	0	16	16
fa47	736	0	16	16
fa48	0	16	16	16
fa49	16	16	16	16
fa50	32	16	16	16
fa51	48	16	16	16
fa52	64	16	16	16
fa53	80	16	16	16
fa54	96	16	16	16
fa55	112	16	16	16
fa56	128	16	16	16
fa57	144	16	16	16
fa58	160	16	16	16
fa59	176	16	16	16
fa60	192	16	16	16
fa61	208	16	16	16
fa62	224	16	16	16
fa63	240	16	16	16
fa64	256	16	16	16
fa65	272	16	16	16
fa66	288	16	16	16
fa67	304	16	16	16
fa68	320	16	16	16
fa69	336	16	16	16
fa70	352	16	16	16
fa71	368	16	16	16
fa72	384	16	16	16
fa73	400	16	16	16
fa74	416	16	16	16
fa75	432	16	16	16
fa76	448	16	16	16
fa77	464	16	16	16
fa78	480	16	16	16
fa79	496	16	16	16
fa80	512	16	16	16
fa81	528	16	16	16
fa82	544	16	16	16
fa83	560	16	16	16
fa84	576	16	16	16
fa85	592	16	16	16
fa86	608	16	16	16
fa87	624	16	16	16
fa88	640	16	16	16
fa89	656	16	16	16
fa90	672	16	16	16
fa91	688	16	16	16
fa92	704	16	16	16
fa93	720	16	16	16
fa94	736	16	16	16
fa95	0	32	16	16
fa96	16	32	16	16
fa97	32	32	16	16
fa98	48	32	16	16
fa99	64	32	16	16
fa100	80	32	16	16
fa101	96	32	16	16
fa102	112	32	16	16
fa103	128	32	16	16
fa104	144	32	16	16
fa105	160	32	16	16
fa106	176	32	16	16
fa107	192	32	16	16
fa108	208	32	16	16
fa109	224	32	16	16
fa110	240	32	16	16
fa111	256	32	16	16
fa112	272	32	16	16
fa113	288	32	16	16
fa114	304	32	16	16
fa115	320	32	16	16
fa116	336	32	16	16
fa117	352	32	16	16
fa118	368	32	16	16
fa119	384	32	16	16
fa120	400	32	16	16
fa121	416	32	16	16
fa122	432	32	16	16
fa123	448	32	16	16
fa124	464	32	16	16
fa125	480	32	16	16
fa126	496	32	16	16
fa127	512	32	16	16
fa128	528	32	16	16
fa129	544	32	16	16
fa130	560	32	16	16
fa131	576	32	16	16
fa132	592	32	16	16
fa133	608	32	16	16
fa134	624	32	16	16
fa135	640	32	16	16
fa136	656	32	16	16
fa137	672	32	16	16
fa138	688	32	16	16
fa139	704	32	16	16
fa140	720	32	16	16
fa141	736	32	16	16
fa142	0	48	16	16
fa143	16	48	16	16
fa144	32	48	16	16
fa145	48	48	16	16
fa146	64	48	16	16
fa147	80	48	16	16
fa148	96	48	16	16
fa149	112	48	16	16
fa150	128	48	16	16
fa151	144	48	16	16
fa152	160	48	16	16
fa153	176	48	16	16
fa154	192	48	16	16
fa155	208	48	16	16
fa156	224	48	16	16
fa157	240	48	16	16
fa158	256	48	16	16
fa159	272	48	16	16
fa160	288	48	16	16
fa161	304	48	16	16
fa162	320	48	16	16
fa163	336	48	16	16
fa164	352	48	16	16
fa165	368	48	16	16
fa166	384	48	16	16
fa167	400	48	16	16
fa168	416	48	16	16
fa169	432	48	16	16
fa170	448	48	16	16
fa171	464	48	16	16
fa172	480	48	16	16
fa173	496	48	16	16
fa174	512	48	16	16
fa175	528	48	16	16
fa176	544	48	16	16
fa177	560	48	16	16
fa178	576	48	16	16
fa179	592	48	16	16
fa180	608	48	16	16
fa181	624	48	16	16
fa182	640	48	16	16
fa183	656	48	16	16
fa184	672	48	16	16
fa185	688	48	16	16
fa186	704	48	16	16
fa187	720	48	16	16
fa188	736	48	16	16
fa189	0	64	16	16
fa190	16	64	16	16
fa191	32	64	16	16
fa192	48	64	16	16
fa193	64	64	16	16
fa194	80	64	16	16
fa195	96	64	16	16
fa196	112	64	16	16
fa197	128	64	16	16
fa198	144	64	16	16
fa199	160	64	16	16
fa200	176	64	16	16
fa201	192	64	16	16
fa202	208	64	16	16
fa203	224	64	16	16
fa204	240	64	16	16
fa205	256	64	16	16
fa206	272	64	16	16
fa207	288	64	16	16
fa208	304	64	16	16
fa209	320	64	16	16
fa210	336	64	16	16
fa211	352	64	16	16
fa212	368	64	16	16
fa213	384	64	16	16
fa214	400	64	16	16
fa215	416	64	16	16
fa216	432	64	16	16
fa217	448	64	16	16
fa218	464	64	16	16
fa219	480	64	16	16
fa220	496	64	16	16
fa221	512	64	16	16
fa222	528	64	16	16
fa223	544	64	16	16
fa224	560	64	16	16
fa225	576	64	16	16
fa226	592	64	16	16
fa227	608	64	16	16
fa228	624	64	16	16
fa229	640	64	16	16
fa230	656	64	16	16
fa231	672	64	16	16
fa232	688	64	16	16
fa233	704	64	16	16
fa234	720	64	16	16
fa235	736	64	16	16
fa236	0	80	16	16
fa237	16	80	16	16
fa238	32	80	16	16
fa239	48	80	16	16
fa240	64	80	16	16
fa241	80	80	16	16
fa242	96	80	16	16
fa243	112	80	16	16
fa244	128	80	16	16
fa245	144	80	16	16
fa246	160	80	16	16
fa247	176	80	16	16
fa248	192	80	16	16
fa249	208	80	16	16
fa250	224	80	16	16
fa251	240	80	16	16
fa252	256	80	16	16
fa253	272	80	16	16
fa254	288	80	16	16
fa255	304	80	16	16
fa256	320	80	16	16
fa257	336	80	16	16
fa258	352	80	16	16
fa259	368	80	16	16
fa260	384	80	16	16
fa261	400	80	16	16
fa262	416	80	16	16
fa263	432	80	16	16
fa264	448	80	16	16
fa265	464	80	16	16
fa266	480	80	16	16
fa267	496	80	16	16
fa268	512	80	16	16
fa269	528	80	16	16
fa270	544	80	16	16
fa271	560	80	16	16
fa272	576	80	16	16
fa273	592	80	16	16
fa274	608	80	16	16
fa275	624	80	16	16
fa276	640	80	16	16
fa277	656	80	16	16
fa278	672	80	16	16
fa279	688	80	16	16
fa280	704	80	16	16
fa281	720	80	16	16
fa282	736	80	16	16
fa283	0	96	16	16
fa284	16	96	16	16
fa285	32	96	16	16
fa286	48	96	16	16
fa287	64	96	16	16
fa288	80	96	16	16
fa289	96	96	16	16
fa290	112	96	16	16
fa291	128	96	16	16
fa292	144	96	16	16
fa293	160	96	16	16
fa294	176	96	16	16
fa295	192	96	16	16
fa296	208	96	16	16
fa297	224	96	16	16
fa298	240	96	16	16
fa299	256	96	16	16
fa300	272	96	16	16
fa301	288	96	16	16
fa302	304	96	16	16
fa303	320	96	16	16
fa304	336	96	16	16
fa305	352	96	16	16
fa306	368	96	16	16
fa307	384	96	16	16
fa308	400	96	16	16
fa309	416	96	16	16
fa310	432	96	16	16
fa311	448	96	16	16
fa312	464	96	16	16
fa313	480	96	16	16
fa314	496	96	16	16
fa315	512	96	16	16
fa316	528	96	16	16
fa317	544	96	16	16
fa318	560	96	16	16
fa319	576	96	16	16
fa320	592	96	16	16
fa321	608	96	16	16
fa322	624	96	16	16
fa323	640	96	16	16
fa324	656	96	16	16
fa325	672	96	16	16
fa326	688	96	16	16
fa327	704	96	16	16
fa328	720	96	16	16
fa329	736	96	16	16
fa330	0	112	16	16
fa331	16	112	16	16
fa332	32	112	16	16
fa333	48	112	16	16
fa334	64	112	16	16
fa335	80	112	16	16
fa336	96	112	16	16
fa337	112	112	16	16
fa338	128	112	16	16
fa339	144	112	16	16
fa340	160	112	16	16
fa341	176	112	16	16
fa342	192	112	16	16
fa343	208	112	16	16
fa344	224	112	16	16
fa345	240	112	16	16
fa346	256	112	16	16
fa347	272	112	16	16
fa348	288	112	16	16
fa349	304	112	16	16
fa350	320	112	16	16
fa351	336	112	16	16
fa352	352	112	16	16
fa353	368	112	16	16
fa354	384	112	16	16
fa355	400	112	16	16
fa356	416	112	16	16
fa357	432	112	16	16
fa358	448	112	16	16
fa359	464	112	16	16
fa360	480	112	16	16
fa361	496	112	16	16
fa362	512	112	16	16
fa363	528	112	16	16
fa364	544	112	16	16
fa365	560	112	16	16
fa366	576	112	16	16
fa367	592	112	16	16
fa368	608	112	16	16
fa369	624	112	16	16
fa370	640	112	16	16
fa371	656	112	16	16
fa372	672	112	16	16
fa373	688	112	16	16
fa374	704	112	16	16
fa375	720	112	16	16
fa376	736	112	16	16
fa377	0	128	16	16
fa378	16	128	16	16
fa379	32	128	16	16
fa380	48	128	16	16
fa381	64	128	16	16
fa382	80	128	16	16
fa383	96	128	16	16
fa384	112	128	16	16
fa385	128	128	16	16
fa386	144	128	16	16
fa387	160	128	16	16
fa388	176	128	16	16
fa389	192	128	16	16
fa390	208	128	16	16
fa391	224	128	16	16
fa392	240	128	16	16
fa393	256	128	16	16
fa394	272	128	16	16
fa395	288	128	16	16
fa396	304	128	16	16
fa397	320	128	16	16
fa398	336	128	16	16
fa399	352	128	16	16
fa400	368	128	16	16
fa401	384	128	16	16
fa402	400	128	16	16
fa403	416	128	16	16
fa404	432	128	16	16
fa405	448	128	16	16
fa406	464	128	16	16
fa407	480	128	16	16
fa408	496	128	16	16
fa409	512	128	16	16
fa410	528	128	16	16
fa411	544	128	16	16
fa412	560	128	16	16
fa413	576	128	16	16
fa414	592	128	16	16
fa415	608	128	16	16
fa416	624	128	16	16
fa417	640	128	16	16
fa418	656	128	16	16
fa419	672	128	16	16
fa420	688	128	16	16
fa421	704	128	16	16
fa422	720	128	16	16
fa423	736	128	16	16
fa424	0	144	16	16
fa425	16	144	16	16
fa426	32	144	16	16
fa427	48	144	16	16
fa428	64	144	16	16
fa429	80	144	16	16
fa430	96	144	16	16
fa431	112	144	16	16
fa432	128	144	16	16
fa433	144	144	16	16
fa434	160	144	16	16
fa435	176	144	16	16
fa436	192	144	16	16
fa437	208	144	16	16
fa438	224	144	16	16
fa439	240	144	16	16
fa440	256	144	16	16
fa441	272	144	16	16
fa442	288	144	16	16
fa443	304	144	16	16
fa444	320	144	16	16
fa445	336	144	16	16
fa446	352	144	16	16
fa447	368	144	16	16
fa448	384	144	16	16
fa449	400	144	16	16
fa450	416	144	16	16
fa451	432	144	16	16
fa452	448	144	16	16
fa453	464	144	16	16
fa454	480	144	16	16
fa455	496	144	16	16
fa456	512	144	16	16
fa457	528	144	16	16
fa458	544	144	16	16
fa459	560	144	16	16
fa460	576	144	16	16
fa461	592	144	16	16
fa462	608	144	16	16
fa463	624	144	16	16
fa464	640	144	16	16
fa465	656	144	16	16
fa466	672	144	16	16
fa467	688	144	16	16
fa468	704	144	16	16
fa469	720	144	16	16
fa470	736	144	16	16
fa471	0	160	16	16
fa472	16	160	16	16
fa473	32	160	16	16
fa474	48	160	16	16
fa475	64	160	16	16
fa476	80	160	16	16
fa477	96	160	16	16
fa478	112	160	16	16
fa479	128	160	16	16
fa480	144	160	16	16
fa481	160	160	16	16
fa482	176	160	16	16
fa483	192	160	16	16
fa484	208	160	16	16
fa485	224	160	16	16
fa486	240	160	16	16
fa487	256	160	16	16
fa488	272	160	16	16
fa489	288	160	16	16
fa490	304	160	16	16
fa491	320	160	16	16
fa492	336	160	16	16
fa493	352	160	16	16
fa494	368	160	16	16
fa495	384	160	16	16
fa496	400	160	16	16
fa497	416	160	16	16
fa498	432	160	16	16
fa499	448	160	16	16
fa500	464	160	16	16
fa501	480	160	16	16
fa502	496	160	16	16
fa503	512	160	16	16
fa504	528	160	16	16
fa505	544	160	16	16
fa506	560	160	16	16
fa507	576	160	16	16
fa508	592	160	16	16
fa509	608	160	16	16
fa510	624	160	16	16
fa511	640	160	16	16
fa512	656	160	16	16
fa513	672	160	16	16
fa514	688	160	16	16
fa515	704	160	16	16
fa516	720	160	16	16
fa517	736	160	16	16
fa518	0	176	16	16
fa519	16	176	16	16
fa520	32	176	16	16
fa521	48	176	16	16
fa522	64	176	16	16
fa523	80	176	16	16
fa524	96	176	16	16
fa525	112	176	16	16
fa526	128	176	16	16
fa527	144	176	16	16
fa528	160	176	16	16
fa529	176	176	16	16
fa530	192	176	16	16
fa531	208	176	16	16
fa532	224	176	16	16
fa533	240	176	16	16
fa534	256	176	16	16
fa535	272	176	16	16
fa536	288	176	16	16
fa537	304	176	16	16
fa538	320	176	16	16
fa539	336	176	16	16
fa540	352	176	16	16
fa541	368	176	16	16
fa542	384	176	16	16
fa543	400	176	16	16
fa544	416	176	16	16
fa545	432	176	16	16
fa546	448	176	16	16
fa547	464	176	16	16
fa548	480	176	16	16
fa549	496	176	16	16
fa550	512	176	16	16
fa551	528	176	16	16
fa552	544	176	16	16
fa553	560	176	16	16
fa554	576	176	16	16
fa555	592	176	16	16
fa556	608	176	16	16
fa557	624	176	16	16
fa558	640	176	16	16
fa559	656	176	16	16
fa560	672	176	16	16
fa561	688	176	16	16
fa562	704	176	16	16
fa563	720	176	16	16
fa564	736	176	16	16
fa565	0	192	16	16
fa566	16	192	16	16
fa567	32	192	16	16
fa568	48	192	16	16
fa569	64	192	16	16
fa570	80	192	16	16
fa571	96	192	16	16
fa572	112	192	16	16
fa573	128	192	16	16
fa574	144	192	16	16
fa575	160	192	16	16
fa576	176	192	16	16
fa577	192	192	16	16
fa578	208	192	16	16
fa579	224	192	16	16
fa580	240	192	16	16
fa581	256	192	16	16
fa582	272	192	16	16
fa583	288	192	16	16
fa584	304	192	16	16
fa585	320	192	16	16
fa586	336	192	16	16
fa587	352	192	16	16
fa588	368	192	16	16
fa589	384	192	16	16
fa590	400	192	16	16
fa591	416	192	16	16
fa592	432	192	16	16
fa593	448	192	16	16
fa594	464	192	16	16
fa595	480	192	16	16
fa596	496	192	16	16
fa597	512	192	16	16
fa598	528	192	16	16
fa599	544	192	16	16
fa600	560	192	16	16
fa601	576	192	16	16
fa602	592	192	16	16
fa603	608	192	16	16
fa604	624	192	16	16
fa605	640	192	16	16
fa606	656	192	16	16
fa607	672	192	16	16
fa608	688	192	16	16
fa609	704	192	16	16
fa610	720	192	16	16
fa611	736	192	16	16
fa612	0	208	16	16
fa613	16	208	16	16
fa614	32	208	16	16
fa615	48	208	16	16
fa616	64	208	16	16
fa617	80	208	16	16
fa618	96	208	16	16
fa619	112	208	16	16
fa620	128	208	16	16
fa621	144	208	16	16
fa622	160	208	16	16
fa623	176	208	16	16
fa624	192	208	16	16
fa625	208	208	16	16
fa626	224	208	16	16
fa627	240	208	16	16
fa628	256	208	16	16
fa629	272	208	16	16
fa630	288	208	16	16
fa631	304	208	16	16
fa632	320	208	16	16
fa633	336	208	16	16
fa634	352	208	16	16
fa635	368	208	16	16
fa636	384	208	16	16
fa637	400	208	16	16
fa638	416	208	16	16
fa639	432	208	16	16
fa640	448	208	16	16
fa641	464	208	16	16
fa642	480	208	16	16
fa643	496	208	16	16
fa644	512	208	16	16
fa645	528	208	16	16
fa646	544	208	16	16
fa647	560	208	16	16
fa648	576	208	16	16
fa649	592	208	16	16
fa650	608	208	16	16
fa651	624	208	16	16
fa652	640	208	16	16
fa653	656	208	16	16
fa654	672	208	16	16
fa655	688	208	16	16
fa656	704	208	16	16
fa657	720	208	16	16
fa658	736	208	16	16
fa659	0	224	16	16
fa660	16	224	16	16
fa661	32	224	16	16
fa662	48	224	16	16
fa663	64	224	16	16
fa664	80	224	16	16
fa665	96	224	16	16
fa666	112	224	16	16
fa667	128	224	16	16
fa668	144	224	16	16
fa669	160	224	16	16
fa670	176	224	16	16
fa671	192	224	16	16
fa672	208	224	16	16
fa673	224	224	16	16
fa674	240	224	16	16
fa675	256	224	16	16
fa676	272	224	16	16
fa677	288	224	16	16
fa678	304	224	16	16
fa679	320	224	16	16
fa680	336	224	16	16
fa681	352	224	16	16
fa682	368	224	16	16
fa683	384	224	16	16
fa684	400	224	16	16
fa685	416	224	16	16
fa686	432	224	16	16
fa687	448	224	16	16
fa688	464	224	16	16
fa689	480	224	16	16
fa690	496	224	16	16
fa691	512	224	16	16
fa692	528	224	16	16
fa693	544	224	16	16
fa694	560	224	16	16
fa695	576	224	16	16
fa696	592	224	16	16
fa697	608	224	16	16
fa698	624	224	16	16
fa699	640	224	16	16
fa700	656	224	16	16
fa701	672	224	16	16
fa702	688	224	16	16
fa703	704	224	16	16
fa704	720	224	16	16
fa705	736	224	16	16
fa706	0	240	16	16
fa707	16	240	16	16
fa708	32	240	16	16
fa709	48	240	16	16
fa710	64	240	16	16
fa711	80	240	16	16
fa712	96	240	16	16
fa713	112	240	16	16
fa714	128	240	16	16
fa715	144	240	16	16
fa716	160	240	16	16
fa717	176	240	16	16
fa718	192	240	16	16
fa719	208	240	16	16
fa720	224	240	16	16
fa721	240	240	16	16
fa722	256	240	16	16
fa723	272	240	16	16
fa724	288	240	16	16
fa725	304	240	16	16
fa726	320	240	16	16
fa727	336	240	16	16
fa728	352	240	16	16
fa729	368	240	16	16
fa730	384	240	16	16
fa731	400	240	16	16
fa732	416	240	16	16
fa733	432	240	16	16
fa734	448	240	16	16
fa735	464	240	16	16
fa736	480	240	16	16
fa737	496	240	16	16
fa738	512	240	16	16
fa739	528	240	16	16
fa740	544	240	16	16
fa741	560	240	16	16
fa742	576	240	16	16
fa743	592	240	16	16
fa744	608	240	16	16
fa745	624	240	16	16
fa746	640	240	16	16
fa747	656	240	16	16
fa748	672	240	16	16
fa749	688	240	16	16
fa750	704	240	16	16
fa751	720	240	16	16
fa752	736	240	16	16
fa753	0	256	16	16
fa754	16	256	16	16
fa755	32	256	16	16
fa756	48	256	16	16
fa757	64	256	16	16
fa758	80	256	16	16
fa759	96	256	16	16
fa760	112	256	16	16
fa761	128	256	16	16
fa762	144	256	16	16
fa763	160	256	16	16
fa764	176	256	16	16
fa765	192	256	16	16
fa766	208	256	16	16
fa767	224	256	16	16
fa768	240	256	16	16
fa769	256	256	16	16
fa770	272	256	16	16
fa771	288	256	16	16
fa772	304	256	16	16
fa773	320	256	16	16
fa774	336	256	16	16
fa775	352	256	16	16
fa776	368	256	16	16
fa777	384	256	16	16
fa778	400	256	16	16
fa779	416	256	16	16
fa780	432	256	16	16
fa781	448	256	16	16
fa782	464	256	16	16
fa783	480	256	16	16
fa784	496	256	16	16
fa785	512	256	16	16
fa786	528	256	16	16
fa787	544	256	16	16
fa788	560	256	16	16
fa789	576	256	16	16
fa790	592	256	16	16
fa791	608	256	16	16
fa792	624	256	16	16
fa793	640	256	16	16
fa794	656	256	16	16
fa795	672	256	16	16
fa796	688	256	16	16
fa797	704	256	16	16
fa798	720	256	16	16
fa799	736	256	16	16
fa800	0	272	16	16
fa801	16	272	16	16
fa802	32	272	16	16
fa803	48	272	16	16
fa804	64	272	16	16
fa805	80	272	16	16
fa806	96	272	16	16
fa807	112	272	16	16
fa808	128	272	16	16
fa809	144	272	16	16
fa810	160	272	16	16
fa811	176	272	16	16
fa812	192	272	16	16
fa813	208	272	16	16
fa814	224	272	16	16
fa815	240	272	16	16
fa816	256	272	16	16
fa817	272	272	16	16
fa818	288	272	16	16
fa819	304	272	16	16
fa820	320	272	16	16
fa821	336	272	16	16
fa822	352	272	16	16
fa823	368	272	16	16
fa824	384	272	16	16
fa825	400	272	16	16
fa826	416	272	16	16
fa827	432	272	16	16
fa828	448	272	16	16
fa829	464	272	16	16
fa830	480	272	16	16
fa831	496	272	16	16
fa832	512	272	16	16
fa833	528	272	16	16
fa834	544	272	16	16
fa835	560	272	16	16
fa836	576	272	16	16
fa837	592	272	16	16
fa838	608	272	16	16
fa839	624	272	16	16
fa840	640	272	16	16
fa841	656	272	16	16
fa842	672	272	16	16
fa843	688	272	16	16
fa844	704	272	16	16
fa845	720	272	16	16
fa846	736	272	16	16
fa847	0	288	16	16
fa848	16	288	16	16
fa849	32	288	16	16
fa850	48	288	16	16
fa851	64	288	16	16
fa852	80	288	16	16
fa853	96	288	16	16
fa854	112	288	16	16
fa855	128	288	16	16
fa856	144	288	16	16
fa857	160	288	16	16
fa858	176	288	16	16
fa859	192	288	16	16
fa860	208	288	16	16
fa861	224	288	16	16
fa862	240	288	16	16
fa863	256	288	16	16
fa864	272	288	16	16
fa865	288	288	16	16
fa866	304	288	16	16
fa867	320	288	16	16
fa868	336	288	16	16
fa869	352	288	16	16
fa870	368	288	16	16
fa871	384	288	16	16
fa872	400	288	16	16
fa873	416	288	16	16
fa874	432	288	16	16
fa875	448	288	16	16
fa876	464	288	16	16
fa877	480	288	16	16
fa878	496	288	16	16
fa879	512	288	16	16
fa880	528	288	16	16
fa881	544	288	16	16
fa882	560	288	16	16
fa883	576	288	16	16
fa884	592	288	16	16
fa885	608	288	16	16
fa886	624	288	16	16
fa887	640	288	16	16
fa888	656	288	16	16
fa889	672	288	16	16
fa890	688	288	16	16
fa891	704	288	16	16
fa892	720	288	16	16
fa893	736	288	16	16
fa894	0	304	16	16
fa895	16	304	16	16
fa896	32	304	16	16
fa897	48	304	16	16
fa898	64	304	16	16
fa899	80	304	16	16
fa900	96	304	16	16
fa901	112	304	16	16
fa902	128	304	16	16
fa903	144	304	16	16
fa904	160	304	16	16
fa905	176	304	16	16
fa906	192	304	16	16
fa907	208	304	16	16
fa908	224	304	16	16
fa909	240	304	16	16
fa910	256	304	16	16
fa911	272	304	16	16
fa912	288	304	16	16
fa913	304	304	16	16
fa914	320	304	16	16
fa915	336	304	16	16
fa916	352	304	16	16
fa917	368	304	16	16
fa918	384	304	16	16
fa919	400	304	16	16
fa920	416	304	16	16
fa921	432	304	16	16
fa922	448	304	16	16
fa923	464	304	16	16
fa924	480	304	16	16
fa925	496	304	16	16
fa926	512	304	16	16
fa927	528	304	16	16
fa928	544	304	16	16
fa929	560	304	16	16
fa930	576	304	16	16
fa931	592	304	16	16
fa932	608	304	16	16
fa933	624	304	16	16
fa934	640	304	16	16
fa935	656	304	16	16
fa936	672	304	16	16
fa937	688	304	16	16
fa938	704	304	16	16
fa939	720	304	16	16
fa940	736	304	16	16
fa941	0	320	16	16
fa942	16	320	16	16
fa943	32	320	16	16
fa944	48	320	16	16
fa945	64	320	16	16
fa946	80	320	16	16
fa947	96	320	16	16
fa948	112	320	16	16
fa949	128	320	16	16
fa950	144	320	16	16
fa951	160	320	16	16
fa952	176	320	16	16
fa953	192	320	16	16
fa954	208	320	16	16
fa955	224	320	16	16
fa956	240	320	16	16
fa957	256	320	16	16
fa958	272	320	16	16
fa959	288	320	16	16
fa960	304	320	16	16
fa961	320	320	16	16
fa962	336	320	16	16
fa963	352	320	16	16
fa964	368	320	16	16
fa965	384	320	16	16
fa966	400	320	16	16
fa967	416	320	16	16
fa968	432	320	16	16
fa969	448	320	16	16
fa970	464	320	16	16
fa971	480	320	16	16
fa972	496	320	16	16
fa973	512	320	16	16
fa974	528	320	16	16
fa975	544	320	16	16
fa976	560	320	16	16
fa977	576	320	16	16
fa978	592	320	16	16
fa979	608	320	16	16
fa980	624	320	16	16
fa981	640	320	16	16
fa982	656	320	16	16
fa983	672	320	16	16
fa984	688	320	16	16
fa985	704	320	16	16
fa986	720	320	16	16
fa987	736	320	16	16
fa988	0	336	16	16
fa989	16	336	16	16
fa990	32	336	16	16
fa991	48	336	16	16
fa992	64	336	16	16
fa993	80	336	16	16
fa994	96	336	16	16
fa995	112	336	16	16
fa996	128	336	16	16
fa997	144	336	16	16
fa998	160	336	16	16
fa999	176	336	16	16
fa1000	192	336	16	16
fa1001	208	336	16	16
fa1002	224	336	16	16
fa1003	240	336	16	16
fa1004	256	336	16	16
fa1005	272	336	16	16
fa1006	288	336	16	16
fa1007	304	336	16	16
fa1008	320	336	16	16
fa1009	336	336	16	16
fa1010	352	336	16	16
fa1011	368	336	16	16
fa1012	384	336	16	16
fa1013	400	336	16	16
fa1014	416	336	16	16
fa1015	432	336	16	16
fa1016	448	336	16	16
fa1017	464	336	16	16
fa1018	480	336	16	16
fa1019	496	336	16	16
fa1020	512	336	16	16
fa1021	528	336	16	16
fa1022	544	336	16	16
fa1023	560	336	16	16
fa1024	576	336	16	16
fa1025	592	336	16	16
fa1026	608	336	16	16
fa1027	624	336	16	16
fa1028	640	336	16	16
fa1029	656	336	16	16
fa1030	672	336	16	16
fa1031	688	336	16	16
fa1032	704	336	16	16
fa1033	720	336	16	16
fa1034	736	336	16	16
fa1035	0	352	16	16
fa1036	16	352	16	16
fa1037	32	352	16	16
fa1038	48	352	16	16
fa1039	64	352	16	16
fa1040	80	352	16	16
fa1041	96	352	16	16
fa1042	112	352	16	16
fa1043	128	352	16	16
fa1044	144	352	16	16
fa1045	160	352	16	16
fa1046	176	352	16	16
fa1047	192	352	16	16
fa1048	208	352	16	16
fa1049	224	352	16	16
fa1050	240	352	16	16
fa1051	256	352	16	16
fa1052	272	352	16	16
fa1053	288	352	16	16
fa1054	304	352	16	16
fa1055	320	352	16	16
fa1056	336	352	16	16
fa1057	352	352	16	16
fa1058	368	352	16	16
fa1059	384	352	16	16
fa1060	400	352	16	16
fa1061	416	352	16	16
fa1062	432	352	16	16
fa1063	448	352	16	16
fa1064	464	352	16	16
fa1065	480	352	16	16
fa1066	496	352	16	16
fa1067	512	352	16	16
fa1068	528	352	16	16
fa1069	544	352	16	16
fa1070	560	352	16	16
fa1071	576	352	16	16
fa1072	592	352	16	16
fa1073	608	352	16	16
fa1074	624	352	16	16
fa1075	640	352	16	16
fa1076	656	352	16	16
fa1077	672	352	16	16
fa1078	688	352	16	16
fa1079	704	352	16	16
fa1080	720	352	16	16
fa1081	736	352	16	16
fa1082	0	368	16	16
fa1083	16	368	16	16
fa1084	32	368	16	16
fa1085	48	368	16	16
fa1086	64	368	16	16
fa1087	80	368	16	16
fa1088	96	368	16	16
fa1089	112	368	16	16
fa1090	128	368	16	16
fa1091	144	368	16	16
fa1092	160	368	16	16
fa1093	176	368	16	16
fa1094	192	368	16	16
fa1095	208	368	16	16
fa1096	224	368	16	16
fa1097	240	368	16	16
fa1098	256	368	16	16
fa1099	272	368	16	16
fa1100	288	368	16	16
fa1101	304	368	16	16
fa1102	320	368	16	16
fa1103	336	368	16	16
fa1104	352	368	16	16
fa1105	368	368	16	16
fa1106	384	368	16	16
fa1107	400	368	16	16
fa1108	416	368	16	16
fa1109	432	368	16	16
fa1110	448	368	16	16
fa1111	464	368	16	16
fa1112	480	368	16	16
fa1113	496	368	16	16
fa1114	512	368	16	16
fa1115	528	368	16	16
fa1116	544	368	16	16
fa1117	560	368	16	16
fa1118	576	368	16	16
fa1119	592	368	16	16
fa1120	608	368	16	16
fa1121	624	368	16	16
fa1122	640	368	16	16
fa1123	656	368	16	16
fa1124	672	368	16	16
fa1125	688	368	16	16
fa1126	704	368	16	16
fa1127	720	368	16	16
fa1128	736	368	16	16
fa1129	0	384	16	16
fa1130	16	384	16	16
fa1131	32	384	16	16
fa1132	48	384	16	16
fa1133	64	384	16	16
fa1134	80	384	16	16
fa1135	96	384	16	16
fa1136	112	384	16	16
fa1137	128	384	16	16
fa1138	144	384	16	16
fa1139	160	384	16	16
fa1140	176	384	16	16
fa1141	192	384	16	16
fa1142	208	384	16	16
fa1143	224	384	16	16
fa1144	240	384	16	16
fa1145	256	384	16	16
fa1146	272	384	16	16
fa1147	288	384	16	16
fa1148	304	384	16	16
fa1149	320	384	16	16
fa1150	336	384	16	16
fa1151	352	384	16	16
fa1152	368	384	16	16
fa1153	384	384	16	16
fa1154	400	384	16	16
fa1155	416	384	16	16
fa1156	432	384	16	16
fa1157	448	384	16	16
fa1158	464	384	16	16
fa1159	480	384	16	16
fa1160	496	384	16	16
fa1161	512	384	16	16
fa1162	528	384	16	16
fa1163	544	384	16	16
fa1164	560	384	16	16
fa1165	576	384	16	16
fa1166	592	384	16	16
fa1167	608	384	16	16
fa1168	624	384	16	16
fa1169	640	384	16	16
fa1170	656	384	16	16
fa1171	672	384	16	16
fa1172	688	384	16	16
fa1173	704	384	16	16
fa1174	720	384	16	16
fa1175	736	384	16	16
fa1176	0	400	16	16
fa1177	16	400	16	16
fa1178	32	400	16	16
fa1179	48	400	16	16
fa1180	64	400	16	16
fa1181	80	400	16	16
fa1182	96	400	16	16
fa1183	112	400	16	16
fa1184	128	400	16	16
fa1185	144	400	16	16
fa1186	160	400	16	16
fa1187	176	400	16	16
fa1188	192	400	16	16
fa1189	208	400	16	16
fa1190	224	400	16	16
fa1191	240	400	16	16
fa1192	256	400	16	16
fa1193	272	400	16	16
fa1194	288	400	16	16
fa1195	304	400	16	16
fa1196	320	400	16	16
fa1197	336	400	16	16
fa1198	352	400	16	16
fa1199	368	400	16	16
fa1200	384	400	16	16
fa1201	400	400	16	16
fa1202	416	400	16	16
fa1203	432	400	16	16
fa1204	448	400	16	16
fa1205	464	400	16	16
fa1206	480	400	16	16
fa1207	496	400	16	16
fa1208	512	400	16	16
fa1209	528	400	16	16
fa1210	544	400	16	16
fa1211	560	400	16	16
fa1212	576	400	16	16
fa1213	592	400	16	16
fa1214	608	400	16	16
fa1215	624	400	16	16
fa1216	640	400	16	16
fa1217	656	400	16	16
fa1218	672	400	16	16
fa1219	688	400	16	16
fa1220	704	400	16	16
fa1221	720	400	16	16
fa1222	736	400	16	16
fa1223	0	416	16	16
fa1224	16	416	16	16
fa1225	32	416	16	16
fa1226	48	416	16	16
fa1227	64	416	16	16
fa1228	80	416	16	16
fa1229	96	416	16	16
fa1230	112	416	16	16
fa1231	128	416	16	16
fa1232	144	416	16	16
fa1233	160	416	16	16
fa1234	176	416	16	16
fa1235	192	416	16	16
fa1236	208	416	16	16
fa1237	224	416	16	16
fa1238	240	416	16	16
fa1239	256	416	16	16
fa1240	272	416	16	16
fa1241	288	416	16	16
fa1242	304	416	16	16
fa1243	320	416	16	16
fa1244	336	416	16	16
fa1245	352	416	16	16
fa1246	368	416	16	16
fa1247	384	416	16	16
fa1248	400	416	16	16
fa1249	416	416	16	16
fa1250	432	416	16	16
fa1251	448	416	16	16
fa1252	464	416	16	16
fa1253	480	416	16	16
fa1254	496	416	16	16
fa1255	512	416	16	16
fa1256	528	416	16	16
fa1257	544	416	16	16
fa1258	560	416	16	16
fa1259	576	416	16	16
fa1260	592	416	16	16
fa1261	608	416	16	16
fa1262	624	416	16	16
fa1263	640	416	16	16
fa1264	656	416	16	16
fa1265	672	416	16	16
fa1266	688	416	16	16
fa1267	704	416	16	16
fa1268	720	416	16	16
fa1269	736	416	16	16
fa1270	0	432	16	16
fa1271	16	432	16	16
fa1272	32	432	16	16
fa1273	48	432	16	16
fa1274	64	432	16	16
fa1275	80	432	16	16
fa1276	96	432	16	16
fa1277	112	432	16	16
fa1278	128	432	16	16
fa1279	144	432	16	16
fa1280	160	432	16	16
fa1281	176	432	16	16
fa1282	192	432	16	16
fa1283	208	432	16	16
fa1284	224	432	16	16
fa1285	240	432	16	16
fa1286	256	432	16	16
fa1287	272	432	16	16
fa1288	288	432	16	16
fa1289	304	432	16	16
fa1290	320	432	16	16
fa1291	336	432	16	16
fa1292	352	432	16	16
fa1293	368	432	16	16
fa1294	384	432	16	16
fa1295	400	432	16	16
fa1296	416	432	16	16
fa1297	432	432	16	16
fa1298	448	432	16	16
fa1299	464	432	16	16
fa1300	480	432	16	16
fa1301	496	432	16	16
fa1302	512	432	16	16
fa1303	528	432	16	16
fa1304	544	432	16	16
fa1305	560	432	16	16
fa1306	576	432	16	16
fa1307	592	432	16	16
fa1308	608	432	16	16
fa1309	624	432	16	16
fa1310	640	432	16	16
fa1311	656	432	16	16
fa1312	672	432	16	16
fa1313	688	432	16	16
fa1314	704	432	16	16
fa1315	720	432	16	16
fa1316	736	432	16	16
fa1317	0	448	16	16
fa1318	16	448	16	16
fa1319	32	448	16	16
fa1320	48	448	16	16
fa1321	64	448	16	16
fa1322	80	448	16	16
fa1323	96	448	16	16
fa1324	112	448	16	16
fa1325	128	448	16	16
fa1326	144	448	16	16
fa1327	160	448	16	16
fa1328	176	448	16	16
fa1329	192	448	16	16
fa1330	208	448	16	16
fa1331	224	448	16	16
fa1332	240	448	16	16
fa1333	256	448	16	16
fa1334	272	448	16	16
fa1335	288	448	16	16
fa1336	304	448	16	16
fa1337	320	448	16	16
fa1338	336	448	16	16
fa1339	352	448	16	16
fa1340	368	448	16	16
fa1341	384	448	16	16
fa1342	400	448	16	16
fa1343	416	448	16	16
fa1344	432	448	16	16
fa1345	448	448	16	16
fa1346	464	448	16	16
fa1347	480	448	16	16
fa1348	496	448	16	16
fa1349	512	448	16	16
fa1350	528	448	16	16
fa1351	544	448	16	16
fa1352	560	448	16	16
fa1353	576	448	16	16
fa1354	592	448	16	16
fa1355	608	448	16	16
fa1356	624	448	16	16
fa1357	640	448	16	16
fa1358	656	448	16	16
fa1359	672	448	16	16
fa1360	688	448	16	16
fa1361	704	448	16	16
fa1362	720	448	16	16
fa1363	736	448	16	16
fa1364	0	464	16	16
fa1365	16	464	16	16
fa1366	32	464	16	16
fa1367	48	464	16	16
fa1368	64	464	16	16
fa1369	80	464	16	16
fa1370	96	464	16	16
fa1371	112	464	16	16
fa1372	128	464	16	16
fa1373	144	464	16	16
fa1374	160	464	16	16
fa1375	176	464	16	16
fa1376	192	464	16	16
fa1377	208	464	16	16
fa1378	224	464	16	16
fa1379	240	464	16	16
fa1380	256	464	16	16
fa1381	272	464	16	16
fa1382	288	464	16	16
fa1383	304	464	16	16
fa1384	320	464	16	16
fa1385	336	464	16	16
fa1386	352	464	16	16
fa1387	368	464	16	16
fa1388	384	464	16	16
fa1389	400	464	16	16
fa1390	416	464	16	16
fa1391	432	464	16	16
fa1392	448	464	16	16
fa1393	464	464	16	16
fa1394	480	464	16	16
fa1395	496	464	16	16
fa1396	512	464	16	16
fa1397	528	464	16	16
fa1398	544	464	16	16
fa1399	560	464	16	16
fa1400	576	464	16	16
fa1401	592	464	16	16
fa1402	608	464	16	16
fa1403	624	464	16	16
fa1404	640	464	16	16
fa1405	656	464	16	16
fa1406	672	464	16	16
fa1407	688	464	16	16
fa1408	704	464	16	16
fa1409	720	464	16	16
fa1410	736	464	16	16
fa1411	0	480	16	16
fa1412	16	480	16	16
fa1413	32	480	16	16
fa1414	48	480	16	16
fa1415	64	480	16	16
fa1416	80	480	16	16
fa1417	96	480	16	16
fa1418	112	480	16	16
fa1419	128	480	16	16
fa1420	144	480	16	16
fa1421	160	480	16	16
fa1422	176	480	16	16
fa1423	192	480	16	16
fa1424	208	480	16	16
fa1425	224	480	16	16
fa1426	240	480	16	16
fa1427	256	480	16	16
fa1428	272	480	16	16
fa1429	288	480	16	16
fa1430	304	480	16	16
fa1431	320	480	16	16
fa1432	336	480	16	16
fa1433	352	480	16	16
fa1434	368	480	16	16
fa1435	384	480	16	16
fa1436	400	480	16	16
fa1437	416	480	16	16
fa1438	432	480	16	16
fa1439	448	480	16	16
fa1440	464	480	16	16
fa1441	480	480	16	16
fa1442	496	480	16	16
fa1443	512	480	16	16
fa1444	528	480	16	16
fa1445	544	480	16	16
fa1446	560	480	16	16
fa1447	576	480	16	16
fa1448	592	480	16	16
fa1449	608	480	16	16
fa1450	624	480	16	16
fa1451	640	480	16	16
fa1452	656	480	16	16
fa1453	672	480	16	16
fa1454	688	480	16	16
fa1455	704	480	16	16
fa1456	720	480	16	16
fa1457	736	480	16	16
fa1458	0	496	16	16
fa1459	16	496	16	16
fa1460	32	496	16	16
fa1461	48	496	16	16
fa1462	64	496	16	16
fa1463	80	496	16	16
fa1464	96	496	16	16
fa1465	112	496	16	16
fa1466	128	496	16	16
fa1467	144	496	16	16
fa1468	160	496	16	16
fa1469	176	496	16	16
fa1470	192	496	16	16
fa1471	208	496	16	16
fa1472	224	496	16	16
fa1473	240	496	16	16
fa1474	256	496	16	16
fa1475	272	496	16	16
fa1476	288	496	16	16
fa1477	304	496	16	16
fa1478	320	496	16	16
fa1479	336	496	16	16
fa1480	352	496	16	16
fa1481	368	496	16	16
fa1482	384	496	16	16
fa1483	400	496	16	16
fa1484	416	496	16	16
fa1485	432	496	16	16
fa1486	448	496	16	16
fa1487	464	496	16	16
fa1488	480	496	16	16
fa1489	496	496	16	16
fa1490	512	496	16	16
fa1491	528	496	16	16
fa1492	544	496	16	16
fa1493	560	496	16	16
fa1494	576	496	16	16
fa1495	592	496	16	16
fa1496	608	496	16	16
fa1497	624	496	16	16
fa1498	640	496	16	16
fa1499	656	496	16	16
fa1500	672	496	16	16
fa1501	688	496	16	16
fa1502	704	496	16	16
fa1503	720	496	16	16
fa1504	736	496	16	16
fa1505	0	512	16	16
fa1506	16	512	16	16
fa1507	32	512	16	16
fa1508	48	512	16	16
fa1509	64	512	16	16
fa1510	80	512	16	16
fa1511	96	512	16	16
fa1512	112	512	16	16
fa1513	128	512	16	16
fa1514	144	512	16	16
fa1515	160	512	16	16
fa1516	176	512	16	16
fa1517	192	512	16	16
fa1518	208	512	16	16
fa1519	224	512	16	16
fa1520	240	512	16	16
fa1521	256	512	16	16
fa1522	272	512	16	16
fa1523	288	512	16	16
fa1524	304	512	16	16
fa1525	320	512	16	16
fa1526	336	512	16	16
fa1527	352	512	16	16
fa1528	368	512	16	16
fa1529	384	512	16	16
fa1530	400	512	16	16
fa1531	416	512	16	16
fa1532	432	512	16	16
fa1533	448	512	16	16
fa1534	464	512	16	16
fa1535	480	512	16	16
fa1536	496	512	16	16
fa1537	512	512	16	16
fa1538	528	512	16	16
fa1539	544	512	16	16
fa1540	560	512	16	16
fa1541	576	512	16	16
fa1542	592	512	16	16
fa1543	608	512	16	16
fa1544	624	512	16	16
fa1545	640	512	16	16
fa1546	656	512	16	16
fa1547	672	512	16	16
fa1548	688	512	16	16
fa1549	704	512	16	16
fa1550	720	512	16	16
fa1551	736	512	16	16
fa1552	0	528	16	16
fa1553	16	528	16	16
fa1554	32	528	16	16
fa1555	48	528	16	16
fa1556	64	528	16	16
fa1557	80	528	16	16
fa1558	96	528	16	16
fa1559	112	528	16	16
fa1560	128	528	16	16
fa1561	144	528	16	16
fa1562	160	528	16	16
fa1563	176	528	16	16
fa1564	192	528	16	16
fa1565	208	528	16	16
fa1566	224	528	16	16
fa1567	240	528	16	16
fa1568	256	528	16	16
fa1569	272	528	16	16
fa1570	288	528	16	16
fa1571	304	528	16	16
fa1572	320	528	16	16
fa1573	336	528	16	16
fa1574	352	528	16	16
fa1575	368	528	16	16
fa1576	384	528	16	16
fa1577	400	528	16	16
fa1578	416	528	16	16
fa1579	432	528	16	16
fa1580	448	528	16	16
fa1581	464	528	16	16
fa1582	480	528	16	16
fa1583	496	528	16	16
fa1584	512	528	16	16
fa1585	528	528	16	16
fa1586	544	528	16	16
fa1587	560	528	16	16
fa1588	576	528	16	16
fa1589	592	528	16	16
fa1590	608	528	16	16
fa1591	624	528	16	16
fa1592	640	528	16	16
fa1593	656	528	16	16
fa1594	672	528	16	16
fa1595	688	528	16	16
fa1596	704	528	16	16
fa1597	720	528	16	16
fa1598	736	528	16	16
fa1599	0	544	16	16
fa1600	16	544	16	16
fa1601	32	544	16	16
fa1602	48	544	16	16
fa1603	64	544	16	16
fa1604	80	544	16	16
fa1605	96	544	16	16
fa1606	112	544	16	16
fa1607	128	544	16	16
fa1608	144	544	16	16
fa1609	160	544	16	16
fa1610	176	544	16	16
fa1611	192	544	16	16
fa1612	208	544	16	16
fa1613	224	544	16	16
fa1614	240	544	16	16
fa1615	256	544	16	16
fa1616	272	544	16	16
fa1617	288	544	16	16
fa1618	304	544	16	16
fa1619	320	544	16	16
fa1620	336	544	16	16
fa1621	352	544	16	16
fa1622	368	544	16	16
fa1623	384	544	16	16
fa1624	400	544	16	16
fa1625	416	544	16	16
fa1626	432	544	16	16
fa1627	448	544	16	16
fa1628	464	544	16	16
fa1629	480	544	16	16
fa1630	496	544	16	16
fa1631	512	544	16	16
fa1632	528	544	16	16
fa1633	544	544	16	16
fa1634	560	544	16	16
fa1635	576	544	16	16
fa1636	592	544	16	16
fa1637	608	544	16	16
fa1638	624	544	16	16
fa1639	640	544	16	16
fa1640	656	544	16	16
fa1641	672	544	16	16
fa1642	688	544	16	16
fa1643	704	544	16	16
fa1644	720	544	16	16
fa1645	736	544	16	16
fa1646	0	560	16	16
fa1647	16	560	16	16
fa1648	32	560	16	16
fa1649	48	560	16	16
fa1650	64	560	16	16
fa1651	80	560	16	16
fa1652	96	560	16	16
fa1653	112	560	16	16
fa1654	128	560	16	16
fa1655	144	560	16	16
fa1656	160	560	16	16
fa1657	176	560	16	16
fa1658	192	560	16	16
fa1659	208	560	16	16
fa1660	224	560	16	16
fa1661	240	560	16	16
fa1662	256	560	16	16
fa1663	272	560	16	16
fa1664	288	560	16	16
fa1665	304	560	16	16
fa1666	320	560	16	16
fa1667	336	560	16	16
fa1668	352	560	16	16
fa1669	368	560	16	16
fa1670	384	560	16	16
fa1671	400	560	16	16
fa1672	416	560	16	16
fa1673	432	560	16	16
fa1674	448	560	16	16
fa1675	464	560	16	16
fa1676	480	560	16	16
fa1677	496	560	16	16
fa1678	512	560	16	16
fa1679	528	560	16	16
fa1680	544	560	16	16
fa1681	560	560	16	16
fa1682	576	560	16	16
fa1683	592	560	16	16
fa1684	608	560	16	16
fa1685	624	560	16	16
fa1686	640	560	16	16
fa1687	656	560	16	16
fa1688	672	560	16	16
fa1689	688	560	16	16
fa1690	704	560	16	16
fa1691	720	560	16	16
fa1692	736	560	16	16
fa1693	0	576	16	16
fa1694	16	576	16	16
fa1695	32	576	16	16
fa1696	48	576	16	16
fa1697	64	576	16	16
fa1698	80	576	16	16
fa1699	96	576	16	16
fa1700	112	576	16	16
fa1701	128	576	16	16
fa1702	144	576	16	16
fa1703	160	576	16	16
fa1704	176	576	16	16
fa1705	192	576	16	16
fa1706	208	576	16	16
fa1707	224	576	16	16
fa1708	240	576	16	16
fa1709	256	576	16	16
fa1710	272	576	16	16
fa1711	288	576	16	16
fa1712	304	576	16	16
fa1713	320	576	16	16
fa1714	336	576	16	16
fa1715	352	576	16	16
fa1716	368	576	16	16
fa1717	384	576	16	16
fa1718	400	576	16	16
fa1719	416	576	16	16
fa1720	432	576	16	16
fa1721	448	576	16	16
fa1722	464	576	16	16
fa1723	480	576	16	16
fa1724	496	576	16	16
fa1725	512	576	16	16
fa1726	528	576	16	16
fa1727	544	576	16	16
fa1728	560	576	16	16
fa1729	576	576	16	16
fa1730	592	576	16	16
fa1731	608	576	16	16
fa1732	624	576	16	16
fa1733	640	576	16	16
fa1734	656	576	16	16
fa1735	672	576	16	16
fa1736	688	576	16	16
fa1737	704	576	16	16
fa1738	720	576	16	16
fa1739	736	576	16	16
fa1740	0	592	16	16
fa1741	16	592	16	16
fa1742	32	592	16	16
fa1743	48	592	16	16
fa1744	64	592	16	16
fa1745	80	592	16	16
fa1746	96	592	16	16
fa1747	112	592	16	16
fa1748	128	592	16	16
fa1749	144	592	16	16
fa1750	160	592	16	16
fa1751	176	592	16	16
fa1752	192	592	16	16
fa1753	208	592	16	16
fa1754	224	592	16	16
fa1755	240	592	16	16
fa1756	256	592	16	16
fa1757	272	592	16	16
fa1758	288	592	16	16
fa1759	304	592	16	16
fa1760	320	592	16	16
fa1761	336	592	16	16
fa1762	352	592	16	16
fa1763	368	592	16	16
fa1764	384	592	16	16
fa1765	400	592	16	16
fa1766	416	592	16	16
fa1767	432	592	16	16
fa1768	448	592	16	16
fa1769	464	592	16	16
fa1770	480	592	16	16
fa1771	496	592	16	16
fa1772	512	592	16	16
fa1773	528	592	16	16
fa1774	544	592	16	16
fa1775	560	592	16	16
fa1776	576	592	16	16
fa1777	592	592	16	16
fa1778	608	592	16	16
fa1779	624	592	16	16
fa1780	640	592	16	16
fa1781	656	592	16	16
fa1782	672	592	16	16
fa1783	688	592	16	16
fa1784	704	592	16	16
fa1785	720	592	16	16
fa1786	736	592	16	16
fa1787	0	608	16	16
fa1788	16	608	16	16
fa1789	32	608	16	16
fa1790	48	608	16	16
fa1791	64	608	16	16
fa1792	80	608	16	16
fa1793	96	608	16	16
fa1794	112	608	16	16
fa1795	128	608	16	16
fa1796	144	608	16	16
fa1797	160	608	16	16
fa1798	176	608	16	16
fa1799	192	608	16	16
fa1800	208	608	16	16
fa1801	224	608	16	16
fa1802	240	608	16	16
fa1803	256	608	16	16
fa1804	272	608	16	16
fa1805	288	608	16	16
fa1806	304	608	16	16
fa1807	320	608	16	16
fa1808	336	608	16	16
fa1809	352	608	16	16
fa1810	368	608	16	16
fa1811	384	608	16	16
fa1812	400	608	16	16
fa1813	416	608	16	16
fa1814	432	608	16	16
fa1815	448	608	16	16
fa1816	464	608	16	16
fa1817	480	608	16	16
fa1818	496	608	16	16
fa1819	512	608	16	16
fa1820	528	608	16	16
fa1821	544	608	16	16
fa1822	560	608	16	16
fa1823	576	608	16	16
fa1824	592	608	16	16
fa1825	608	608	16	16
fa1826	624	608	16	16
fa1827	640	608	16	16
fa1828	656	608	16	16
fa1829	672	608	16	16
fa1830	688	608	16	16
fa1831	704	608	16	16
fa1832	720	608	16	16
fa1833	736	608	16	16
fa1834	0	624	16	16
fa1835	16	624	16	16
fa1836	32	624	16	16
fa1837	48	624	16	16
fa1838	64	624	16	16
fa1839	80	624	16	16
fa1840	96	624	16	16
fa1841	112	624	16	16
fa1842	128	624	16	16
fa1843	144	624	16	16
fa1844	160	624	16	16
fa1845	176	624	16	16
fa1846	192	624	16	16
fa1847	208	624	16	16
fa1848	224	624	16	16
fa1849	240	624	16	16
fa1850	256	624	16	16
fa1851	272	624	16	16
fa1852	288	624	16	16
fa1853	304	624	16	16
fa1854	320	624	16	16
fa1855	336	624	16	16
fa1856	352	624	16	16
fa1857	368	624	16	16
fa1858	384	624	16	16
fa1859	400	624	16	16
fa1860	416	624	16	16
fa1861	432	624	16	16
fa1862	448	624	16	16
fa1863	464	624	16	16
fa1864	480	624	16	16
fa1865	496	624	16	16
fa1866	512	624	16	16
fa1867	528	624	16	16
fa1868	544	624	16	16
fa1869	560	624	16	16
fa1870	576	624	16	16
fa1871	592	624	16	16
fa1872	608	624	16	16
fa1873	624	624	16	16
fa1874	640	624	16	16
fa1875	656	624	16	16
fa1876	672	624	16	16
fa1877	688	624	16	16
fa1878	704	624	16	16
fa1879	720	624	16	16
fa1880	736	624	16	16
fa1881	0	640	16	16
fa1882	16	640	16	16
fa1883	32	640	16	16
fa1884	48	640	16	16
fa1885	64	640	16	16
fa1886	80	640	16	16
fa1887	96	640	16	16
fa1888	112	640	16	16
fa1889	128	640	16	16
fa1890	144	640	16	16
fa1891	160	640	16	16
fa1892	176	640	16	16
fa1893	192	640	16	16
fa1894	208	640	16	16
fa1895	224	640	16	16
fa1896	240	640	16	16
fa1897	256	640	16	16
fa1898	272	640	16	16
fa1899	288	640	16	16
fa1900	304	640	16	16
fa1901	320	640	16	16
fa1902	336	640	16	16
fa1903	352	640	16	16
fa1904	368	640	16	16
fa1905	384	640	16	16
fa1906	400	640	16	16
fa1907	416	640	16	16
fa1908	432	640	16	16
fa1909	448	640	16	16
fa1910	464	640	16	16
fa1911	480	640	16	16
fa1912	496	640	16	16
fa1913	512	640	16	16
fa1914	528	640	16	16
fa1915	544	640	16	16
fa1916	560	640	16	16
fa1917	576	640	16	16
fa1918	592	640	16	16
fa1919	608	640	16	16
fa1920	624	640	16	16
fa1921	640	640	16	16
fa1922	656	640	16	16
fa1923	672	640	16	16
fa1924	688	640	16	16
fa1925	704	640	16	16
fa1926	720	640	16	16
fa1927	736	640	16	16
fa1928	0	656	16	16
fa1929	16	656	16	16
fa1930	32	656	16	16
fa1931	48	656	16	16
fa1932	64	656	16	16
fa1933	80	656	16	16
fa1934	96	656	16	16
fa1935	112	656	16	16
fa1936	128	656	16	16
fa1937	144	656	16	16
fa1938	160	656	16	16
fa1939	176	656	16	16
fa1940	192	656	16	16
fa1941	208	656	16	16
fa1942	224	656	16	16
fa1943	240	656	16	16
fa1944	256	656	16	16
fa1945	272	656	16	16
fa1946	288	656	16	16
fa1947	304	656	16	16
fa1948	320	656	16	16
fa1949	336	656	16	16
fa1950	352	656	16	16
fa1951	368	656	16	16
fa1952	384	656	16	16
fa1953	400	656	16	16
fa1954	416	656	16	16
fa1955	432	656	16	16
fa1956	448	656	16	16
fa1957	464	656	16	16
fa1958	480	656	16	16
fa1959	496	656	16	16
fa1960	512	656	16	16
fa1961	528	656	16	16
fa1962	544	656	16	16
fa1963	560	656	16	16
fa1964	576	656	16	16
fa1965	592	656	16	16
fa1966	608	656	16	16
fa1967	624	656	16	16
fa1968	640	656	16	16
fa1969	656	656	16	16
fa1970	672	656	16	16
fa1971	688	656	16	16
fa1972	704	656	16	16
fa1973	720	656	16	16
fa1974	736	656	16	16
fa1975	0	672	16	16
fa1976	16	672	16	16
fa1977	32	672	16	16
fa1978	48	672	16	16
fa1979	64	672	16	16
fa1980	80	672	16	16
fa1981	96	672	16	16
fa1982	112	672	16	16
fa1983	128	672	16	16
fa1984	144	672	16	16
fa1985	160	672	16	16
fa1986	176	672	16	16
fa1987	192	672	16	16
fa1988	208	672	16	16
fa1989	224	672	16	16
fa1990	240	672	16	16
fa1991	256	672	16	16
fa1992	272	672	16	16
fa1993	288	672	16	16
fa1994	304	672	16	16
fa1995	320	672	16	16
fa1996	336	672	16	16
fa1997	352	672	16	16
fa1998	368	672	16	16
fa1999	384	672	16	16
fa2000	400	672	16	16
fa2001	416	672	16	16
fa2002	432	672	16	16
fa2003	448	672	16	16
fa2004	464	672	16	16
fa2005	480	672	16	16
fa2006	496	672	16	16
fa2007	512	672	16	16
fa2008	528	672	16	16
fa2009	544	672	16	16
fa2010	560	672	16	16
fa2011	576	672	16	16
fa2012	592	672	16	16
fa2013	608	672	16	16
fa2014	624	672	16	16
fa2015	640	672	16	16
fa2016	656	672	16	16
fa2017	672	672	16	16
fa2018	688	672	16	16
fa2019	704	672	16	16
fa2020	720	672	16	16
fa2021	736	672	16	16
fa2022	0	688	16	16
fa2023	16	688	16	16
fa2024	32	688	16	16
fa2025	48	688	16	16
fa2026	64	688	16	16
fa2027	80	688	16	16
fa2028	96	688	16	16
fa2029	112	688	16	16
fa2030	128	688	16	16
fa2031	144	688	16	16
fa2032	160	688	16	16
fa2033	176	688	16	16
fa2034	192	688	16	16
fa2035	208	688	16	16
fa2036	224	688	16	16
fa2037	240	688	16	16
fa2038	256	688	16	16
fa2039	272	688	16	16
fa2040	288	688	16	16
fa2041	304	688	16	16
fa2042	320	688	16	16
fa2043	336	688	16	16
fa2044	352	688	16	16
fa2045	368	688	16	16
fa2046	384	688	16	16
fa2047	400	688	16	16
fa2048	416	688	16	16
fa2049	432	688	16	16
fa2050	448	688	16	16
fa2051	464	688	16	16
fa2052	480	688	16	16
fa2053	496	688	16	16
fa2054	512	688	16	16
fa2055	528	688	16	16
fa2056	544	688	16	16
fa2057	560	688	16	16
fa2058	576	688	16	16
fa2059	592	688	16	16
fa2060	608	688	16	16
fa2061	624	688	16	16
fa2062	640	688	16	16
fa2063	656	688	16	16
fa2064	672	688	16	16
fa2065	688	688	16	16
fa2066	704	688	16	16
fa2067	720	688	16	16
fa2068	736	688	16	16
fa2069	0	704	16	16
fa2070	16	704	16	16
fa2071	32	704	16	16
fa2072	48	704	16	16
fa2073	64	704	16	16
fa2074	80	704	16	16
fa2075	96	704	16	16
fa2076	112	704	16	16
fa2077	128	704	16	16
fa2078	144	704	16	16
fa2079	160	704	16	16
fa2080	176	704	16	16
fa2081	192	704	16	16
fa2082	208	704	16	16
fa2083	224	704	16	16
fa2084	240	704	16	16
fa2085	256	704	16	16
fa2086	272	704	16	16
fa2087	288	704	16	16
fa2088	304	704	16	16
fa2089	320	704	16	16
fa2090	336	704	16	16
fa2091	352	704	16	16
fa2092	368	704	16	16
fa2093	384	704	16	16
fa2094	400	704	16	16
fa2095	416	704	16	16
fa2096	432	704	16	16
fa2097	448	704	16	16
fa2098	464	704	16	16
fa2099	480	704	16	16
fa2100	496	704	16	16
fa2101	512	704	16	16
fa2102	528	704	16	16
fa2103	544	704	16	16
fa2104	560	704	16	16
fa2105	576	704	16	16
fa2106	592	704	16	16
fa2107	608	704	16	16
fa2108	624	704	16	16
fa2109	640	704	16	16
fa2110	656	704	16	16
fa2111	672	704	16	16
fa2112	688	704	16	16
fa2113	704	704	16	16
fa2114	720	704	16	16
fa2115	736	704	16	16
fa2116	0	720	16	16
fa2117	16	720	16	16
fa2118	32	720	16	16
fa2119	48	720	16	16
fa2120	64	720	16	16
fa2121	80	720	16	16
fa2122	96	720	16	16
fa2123	112	720	16	16
fa2124	128	720	16	16
fa2125	144	720	16	16
fa2126	160	720	16	16
fa2127	176	720	16	16
fa2128	192	720	16	16
fa2129	208	720	16	16
fa2130	224	720	16	16
fa2131	240	720	16	16
fa2132	256	720	16	16
fa2133	272	720	16	16
fa2134	288	720	16	16
fa2135	304	720	16	16
fa2136	320	720	16	16
fa2137	336	720	16	16
fa2138	352	720	16	16
fa2139	368	720	16	16
fa2140	384	720	16	16
fa2141	400	720	16	16
fa2142	416	720	16	16
fa2143	432	720	16	16
fa2144	448	720	16	16
fa2145	464	720	16	16
fa2146	480	720	16	16
fa2147	496	720	16	16
fa2148	512	720	16	16
fa2149	528	720	16	16
fa2150	544	720	16	16
fa2151	560	720	16	16
fa2152	576	720	16	16
fa2153	592	720	16	16
fa2154	608	720	16	16
fa2155	624	720	16	16
fa2156	640	720	16	16
fa2157	656	720	16	16
fa2158	672	720	16	16
fa2159	688	720	16	16
fa2160	704	720	16	16
fa2161	720	720	16	16
fa2162	736	720	16	16
fa2163	0	736	16	16
fa2164	16	736	16	16
fa2165	32	736	16	16
fa2166	48	736	16	16
fa2167	64	736	16	16
fa2168	80	736	16	16
fa2169	96	736	16	16
fa2170	112	736	16	16
fa2171	128	736	16	16
fa2172	144	736	16	16
fa2173	160	736	16	16
fa2174	176	736	16	16
fa2175	192	736	16	16
fa2176	208	736	16	16
fa2177	224	736	16	16
fa2178	240	736	16	16
fa2179	256	736	16	16
fa2180	272	736	16	16
fa2181	288	736	16	16
fa2182	304	736	16	16
fa2183	320	736	16	16
fa2184	336	736	16	16
fa2185	352	736	16	16
fa2186	368	736	16	16
fa2187	384	736	16	16
fa2188	400	736	16	16
fa2189	416	736	16	16
fa2190	432	736	16	16
fa2191	448	736	16	16
fa2192	464	736	16	16
