# Sprite Sheet Atlas: raven-fantasy-32x32-spritesheet.png
# Total sprites: 2192
# Sheet size: 1504x1504
# Icon size: 32x32
# Format: name\tx\ty\twidth\theight
fb1	0	0	32	32
fb2	32	0	32	32
fb3	64	0	32	32
fb4	96	0	32	32
fb5	128	0	32	32
fb6	160	0	32	32
fb7	192	0	32	32
fb8	224	0	32	32
fb9	256	0	32	32
fb10	288	0	32	32
fb11	320	0	32	32
fb12	352	0	32	32
fb13	384	0	32	32
fb14	416	0	32	32
fb15	448	0	32	32
fb16	480	0	32	32
fb17	512	0	32	32
fb18	544	0	32	32
fb19	576	0	32	32
fb20	608	0	32	32
fb21	640	0	32	32
fb22	672	0	32	32
fb23	704	0	32	32
fb24	736	0	32	32
fb25	768	0	32	32
fb26	800	0	32	32
fb27	832	0	32	32
fb28	864	0	32	32
fb29	896	0	32	32
fb30	928	0	32	32
fb31	960	0	32	32
fb32	992	0	32	32
fb33	1024	0	32	32
fb34	1056	0	32	32
fb35	1088	0	32	32
fb36	1120	0	32	32
fb37	1152	0	32	32
fb38	1184	0	32	32
fb39	1216	0	32	32
fb40	1248	0	32	32
fb41	1280	0	32	32
fb42	1312	0	32	32
fb43	1344	0	32	32
fb44	1376	0	32	32
fb45	1408	0	32	32
fb46	1440	0	32	32
fb47	1472	0	32	32
fb48	0	32	32	32
fb49	32	32	32	32
fb50	64	32	32	32
fb51	96	32	32	32
fb52	128	32	32	32
fb53	160	32	32	32
fb54	192	32	32	32
fb55	224	32	32	32
fb56	256	32	32	32
fb57	288	32	32	32
fb58	320	32	32	32
fb59	352	32	32	32
fb60	384	32	32	32
fb61	416	32	32	32
fb62	448	32	32	32
fb63	480	32	32	32
fb64	512	32	32	32
fb65	544	32	32	32
fb66	576	32	32	32
fb67	608	32	32	32
fb68	640	32	32	32
fb69	672	32	32	32
fb70	704	32	32	32
fb71	736	32	32	32
fb72	768	32	32	32
fb73	800	32	32	32
fb74	832	32	32	32
fb75	864	32	32	32
fb76	896	32	32	32
fb77	928	32	32	32
fb78	960	32	32	32
fb79	992	32	32	32
fb80	1024	32	32	32
fb81	1056	32	32	32
fb82	1088	32	32	32
fb83	1120	32	32	32
fb84	1152	32	32	32
fb85	1184	32	32	32
fb86	1216	32	32	32
fb87	1248	32	32	32
fb88	1280	32	32	32
fb89	1312	32	32	32
fb90	1344	32	32	32
fb91	1376	32	32	32
fb92	1408	32	32	32
fb93	1440	32	32	32
fb94	1472	32	32	32
fb95	0	64	32	32
fb96	32	64	32	32
fb97	64	64	32	32
fb98	96	64	32	32
fb99	128	64	32	32
fb100	160	64	32	32
fb101	192	64	32	32
fb102	224	64	32	32
fb103	256	64	32	32
fb104	288	64	32	32
fb105	320	64	32	32
fb106	352	64	32	32
fb107	384	64	32	32
fb108	416	64	32	32
fb109	448	64	32	32
fb110	480	64	32	32
fb111	512	64	32	32
fb112	544	64	32	32
fb113	576	64	32	32
fb114	608	64	32	32
fb115	640	64	32	32
fb116	672	64	32	32
fb117	704	64	32	32
fb118	736	64	32	32
fb119	768	64	32	32
fb120	800	64	32	32
fb121	832	64	32	32
fb122	864	64	32	32
fb123	896	64	32	32
fb124	928	64	32	32
fb125	960	64	32	32
fb126	992	64	32	32
fb127	1024	64	32	32
fb128	1056	64	32	32
fb129	1088	64	32	32
fb130	1120	64	32	32
fb131	1152	64	32	32
fb132	1184	64	32	32
fb133	1216	64	32	32
fb134	1248	64	32	32
fb135	1280	64	32	32
fb136	1312	64	32	32
fb137	1344	64	32	32
fb138	1376	64	32	32
fb139	1408	64	32	32
fb140	1440	64	32	32
fb141	1472	64	32	32
fb142	0	96	32	32
fb143	32	96	32	32
fb144	64	96	32	32
fb145	96	96	32	32
fb146	128	96	32	32
fb147	160	96	32	32
fb148	192	96	32	32
fb149	224	96	32	32
fb150	256	96	32	32
fb151	288	96	32	32
fb152	320	96	32	32
fb153	352	96	32	32
fb154	384	96	32	32
fb155	416	96	32	32
fb156	448	96	32	32
fb157	480	96	32	32
fb158	512	96	32	32
fb159	544	96	32	32
fb160	576	96	32	32
fb161	608	96	32	32
fb162	640	96	32	32
fb163	672	96	32	32
fb164	704	96	32	32
fb165	736	96	32	32
fb166	768	96	32	32
fb167	800	96	32	32
fb168	832	96	32	32
fb169	864	96	32	32
fb170	896	96	32	32
fb171	928	96	32	32
fb172	960	96	32	32
fb173	992	96	32	32
fb174	1024	96	32	32
fb175	1056	96	32	32
fb176	1088	96	32	32
fb177	1120	96	32	32
fb178	1152	96	32	32
fb179	1184	96	32	32
fb180	1216	96	32	32
fb181	1248	96	32	32
fb182	1280	96	32	32
fb183	1312	96	32	32
fb184	1344	96	32	32
fb185	1376	96	32	32
fb186	1408	96	32	32
fb187	1440	96	32	32
fb188	1472	96	32	32
fb189	0	128	32	32
fb190	32	128	32	32
fb191	64	128	32	32
fb192	96	128	32	32
fb193	128	128	32	32
fb194	160	128	32	32
fb195	192	128	32	32
fb196	224	128	32	32
fb197	256	128	32	32
fb198	288	128	32	32
fb199	320	128	32	32
fb200	352	128	32	32
fb201	384	128	32	32
fb202	416	128	32	32
fb203	448	128	32	32
fb204	480	128	32	32
fb205	512	128	32	32
fb206	544	128	32	32
fb207	576	128	32	32
fb208	608	128	32	32
fb209	640	128	32	32
fb210	672	128	32	32
fb211	704	128	32	32
fb212	736	128	32	32
fb213	768	128	32	32
fb214	800	128	32	32
fb215	832	128	32	32
fb216	864	128	32	32
fb217	896	128	32	32
fb218	928	128	32	32
fb219	960	128	32	32
fb220	992	128	32	32
fb221	1024	128	32	32
fb222	1056	128	32	32
fb223	1088	128	32	32
fb224	1120	128	32	32
fb225	1152	128	32	32
fb226	1184	128	32	32
fb227	1216	128	32	32
fb228	1248	128	32	32
fb229	1280	128	32	32
fb230	1312	128	32	32
fb231	1344	128	32	32
fb232	1376	128	32	32
fb233	1408	128	32	32
fb234	1440	128	32	32
fb235	1472	128	32	32
fb236	0	160	32	32
fb237	32	160	32	32
fb238	64	160	32	32
fb239	96	160	32	32
fb240	128	160	32	32
fb241	160	160	32	32
fb242	192	160	32	32
fb243	224	160	32	32
fb244	256	160	32	32
fb245	288	160	32	32
fb246	320	160	32	32
fb247	352	160	32	32
fb248	384	160	32	32
fb249	416	160	32	32
fb250	448	160	32	32
fb251	480	160	32	32
fb252	512	160	32	32
fb253	544	160	32	32
fb254	576	160	32	32
fb255	608	160	32	32
fb256	640	160	32	32
fb257	672	160	32	32
fb258	704	160	32	32
fb259	736	160	32	32
fb260	768	160	32	32
fb261	800	160	32	32
fb262	832	160	32	32
fb263	864	160	32	32
fb264	896	160	32	32
fb265	928	160	32	32
fb266	960	160	32	32
fb267	992	160	32	32
fb268	1024	160	32	32
fb269	1056	160	32	32
fb270	1088	160	32	32
fb271	1120	160	32	32
fb272	1152	160	32	32
fb273	1184	160	32	32
fb274	1216	160	32	32
fb275	1248	160	32	32
fb276	1280	160	32	32
fb277	1312	160	32	32
fb278	1344	160	32	32
fb279	1376	160	32	32
fb280	1408	160	32	32
fb281	1440	160	32	32
fb282	1472	160	32	32
fb283	0	192	32	32
fb284	32	192	32	32
fb285	64	192	32	32
fb286	96	192	32	32
fb287	128	192	32	32
fb288	160	192	32	32
fb289	192	192	32	32
fb290	224	192	32	32
fb291	256	192	32	32
fb292	288	192	32	32
fb293	320	192	32	32
fb294	352	192	32	32
fb295	384	192	32	32
fb296	416	192	32	32
fb297	448	192	32	32
fb298	480	192	32	32
fb299	512	192	32	32
fb300	544	192	32	32
fb301	576	192	32	32
fb302	608	192	32	32
fb303	640	192	32	32
fb304	672	192	32	32
fb305	704	192	32	32
fb306	736	192	32	32
fb307	768	192	32	32
fb308	800	192	32	32
fb309	832	192	32	32
fb310	864	192	32	32
fb311	896	192	32	32
fb312	928	192	32	32
fb313	960	192	32	32
fb314	992	192	32	32
fb315	1024	192	32	32
fb316	1056	192	32	32
fb317	1088	192	32	32
fb318	1120	192	32	32
fb319	1152	192	32	32
fb320	1184	192	32	32
fb321	1216	192	32	32
fb322	1248	192	32	32
fb323	1280	192	32	32
fb324	1312	192	32	32
fb325	1344	192	32	32
fb326	1376	192	32	32
fb327	1408	192	32	32
fb328	1440	192	32	32
fb329	1472	192	32	32
fb330	0	224	32	32
fb331	32	224	32	32
fb332	64	224	32	32
fb333	96	224	32	32
fb334	128	224	32	32
fb335	160	224	32	32
fb336	192	224	32	32
fb337	224	224	32	32
fb338	256	224	32	32
fb339	288	224	32	32
fb340	320	224	32	32
fb341	352	224	32	32
fb342	384	224	32	32
fb343	416	224	32	32
fb344	448	224	32	32
fb345	480	224	32	32
fb346	512	224	32	32
fb347	544	224	32	32
fb348	576	224	32	32
fb349	608	224	32	32
fb350	640	224	32	32
fb351	672	224	32	32
fb352	704	224	32	32
fb353	736	224	32	32
fb354	768	224	32	32
fb355	800	224	32	32
fb356	832	224	32	32
fb357	864	224	32	32
fb358	896	224	32	32
fb359	928	224	32	32
fb360	960	224	32	32
fb361	992	224	32	32
fb362	1024	224	32	32
fb363	1056	224	32	32
fb364	1088	224	32	32
fb365	1120	224	32	32
fb366	1152	224	32	32
fb367	1184	224	32	32
fb368	1216	224	32	32
fb369	1248	224	32	32
fb370	1280	224	32	32
fb371	1312	224	32	32
fb372	1344	224	32	32
fb373	1376	224	32	32
fb374	1408	224	32	32
fb375	1440	224	32	32
fb376	1472	224	32	32
fb377	0	256	32	32
fb378	32	256	32	32
fb379	64	256	32	32
fb380	96	256	32	32
fb381	128	256	32	32
fb382	160	256	32	32
fb383	192	256	32	32
fb384	224	256	32	32
fb385	256	256	32	32
fb386	288	256	32	32
fb387	320	256	32	32
fb388	352	256	32	32
fb389	384	256	32	32
fb390	416	256	32	32
fb391	448	256	32	32
fb392	480	256	32	32
fb393	512	256	32	32
fb394	544	256	32	32
fb395	576	256	32	32
fb396	608	256	32	32
fb397	640	256	32	32
fb398	672	256	32	32
fb399	704	256	32	32
fb400	736	256	32	32
fb401	768	256	32	32
fb402	800	256	32	32
fb403	832	256	32	32
fb404	864	256	32	32
fb405	896	256	32	32
fb406	928	256	32	32
fb407	960	256	32	32
fb408	992	256	32	32
fb409	1024	256	32	32
fb410	1056	256	32	32
fb411	1088	256	32	32
fb412	1120	256	32	32
fb413	1152	256	32	32
fb414	1184	256	32	32
fb415	1216	256	32	32
fb416	1248	256	32	32
fb417	1280	256	32	32
fb418	1312	256	32	32
fb419	1344	256	32	32
fb420	1376	256	32	32
fb421	1408	256	32	32
fb422	1440	256	32	32
fb423	1472	256	32	32
fb424	0	288	32	32
fb425	32	288	32	32
fb426	64	288	32	32
fb427	96	288	32	32
fb428	128	288	32	32
fb429	160	288	32	32
fb430	192	288	32	32
fb431	224	288	32	32
fb432	256	288	32	32
fb433	288	288	32	32
fb434	320	288	32	32
fb435	352	288	32	32
fb436	384	288	32	32
fb437	416	288	32	32
fb438	448	288	32	32
fb439	480	288	32	32
fb440	512	288	32	32
fb441	544	288	32	32
fb442	576	288	32	32
fb443	608	288	32	32
fb444	640	288	32	32
fb445	672	288	32	32
fb446	704	288	32	32
fb447	736	288	32	32
fb448	768	288	32	32
fb449	800	288	32	32
fb450	832	288	32	32
fb451	864	288	32	32
fb452	896	288	32	32
fb453	928	288	32	32
fb454	960	288	32	32
fb455	992	288	32	32
fb456	1024	288	32	32
fb457	1056	288	32	32
fb458	1088	288	32	32
fb459	1120	288	32	32
fb460	1152	288	32	32
fb461	1184	288	32	32
fb462	1216	288	32	32
fb463	1248	288	32	32
fb464	1280	288	32	32
fb465	1312	288	32	32
fb466	1344	288	32	32
fb467	1376	288	32	32
fb468	1408	288	32	32
fb469	1440	288	32	32
fb470	1472	288	32	32
fb471	0	320	32	32
fb472	32	320	32	32
fb473	64	320	32	32
fb474	96	320	32	32
fb475	128	320	32	32
fb476	160	320	32	32
fb477	192	320	32	32
fb478	224	320	32	32
fb479	256	320	32	32
fb480	288	320	32	32
fb481	320	320	32	32
fb482	352	320	32	32
fb483	384	320	32	32
fb484	416	320	32	32
fb485	448	320	32	32
fb486	480	320	32	32
fb487	512	320	32	32
fb488	544	320	32	32
fb489	576	320	32	32
fb490	608	320	32	32
fb491	640	320	32	32
fb492	672	320	32	32
fb493	704	320	32	32
fb494	736	320	32	32
fb495	768	320	32	32
fb496	800	320	32	32
fb497	832	320	32	32
fb498	864	320	32	32
fb499	896	320	32	32
fb500	928	320	32	32
fb501	960	320	32	32
fb502	992	320	32	32
fb503	1024	320	32	32
fb504	1056	320	32	32
fb505	1088	320	32	32
fb506	1120	320	32	32
fb507	1152	320	32	32
fb508	1184	320	32	32
fb509	1216	320	32	32
fb510	1248	320	32	32
fb511	1280	320	32	32
fb512	1312	320	32	32
fb513	1344	320	32	32
fb514	1376	320	32	32
fb515	1408	320	32	32
fb516	1440	320	32	32
fb517	1472	320	32	32
fb518	0	352	32	32
fb519	32	352	32	32
fb520	64	352	32	32
fb521	96	352	32	32
fb522	128	352	32	32
fb523	160	352	32	32
fb524	192	352	32	32
fb525	224	352	32	32
fb526	256	352	32	32
fb527	288	352	32	32
fb528	320	352	32	32
fb529	352	352	32	32
fb530	384	352	32	32
fb531	416	352	32	32
fb532	448	352	32	32
fb533	480	352	32	32
fb534	512	352	32	32
fb535	544	352	32	32
fb536	576	352	32	32
fb537	608	352	32	32
fb538	640	352	32	32
fb539	672	352	32	32
fb540	704	352	32	32
fb541	736	352	32	32
fb542	768	352	32	32
fb543	800	352	32	32
fb544	832	352	32	32
fb545	864	352	32	32
fb546	896	352	32	32
fb547	928	352	32	32
fb548	960	352	32	32
fb549	992	352	32	32
fb550	1024	352	32	32
fb551	1056	352	32	32
fb552	1088	352	32	32
fb553	1120	352	32	32
fb554	1152	352	32	32
fb555	1184	352	32	32
fb556	1216	352	32	32
fb557	1248	352	32	32
fb558	1280	352	32	32
fb559	1312	352	32	32
fb560	1344	352	32	32
fb561	1376	352	32	32
fb562	1408	352	32	32
fb563	1440	352	32	32
fb564	1472	352	32	32
fb565	0	384	32	32
fb566	32	384	32	32
fb567	64	384	32	32
fb568	96	384	32	32
fb569	128	384	32	32
fb570	160	384	32	32
fb571	192	384	32	32
fb572	224	384	32	32
fb573	256	384	32	32
fb574	288	384	32	32
fb575	320	384	32	32
fb576	352	384	32	32
fb577	384	384	32	32
fb578	416	384	32	32
fb579	448	384	32	32
fb580	480	384	32	32
fb581	512	384	32	32
fb582	544	384	32	32
fb583	576	384	32	32
fb584	608	384	32	32
fb585	640	384	32	32
fb586	672	384	32	32
fb587	704	384	32	32
fb588	736	384	32	32
fb589	768	384	32	32
fb590	800	384	32	32
fb591	832	384	32	32
fb592	864	384	32	32
fb593	896	384	32	32
fb594	928	384	32	32
fb595	960	384	32	32
fb596	992	384	32	32
fb597	1024	384	32	32
fb598	1056	384	32	32
fb599	1088	384	32	32
fb600	1120	384	32	32
fb601	1152	384	32	32
fb602	1184	384	32	32
fb603	1216	384	32	32
fb604	1248	384	32	32
fb605	1280	384	32	32
fb606	1312	384	32	32
fb607	1344	384	32	32
fb608	1376	384	32	32
fb609	1408	384	32	32
fb610	1440	384	32	32
fb611	1472	384	32	32
fb612	0	416	32	32
fb613	32	416	32	32
fb614	64	416	32	32
fb615	96	416	32	32
fb616	128	416	32	32
fb617	160	416	32	32
fb618	192	416	32	32
fb619	224	416	32	32
fb620	256	416	32	32
fb621	288	416	32	32
fb622	320	416	32	32
fb623	352	416	32	32
fb624	384	416	32	32
fb625	416	416	32	32
fb626	448	416	32	32
fb627	480	416	32	32
fb628	512	416	32	32
fb629	544	416	32	32
fb630	576	416	32	32
fb631	608	416	32	32
fb632	640	416	32	32
fb633	672	416	32	32
fb634	704	416	32	32
fb635	736	416	32	32
fb636	768	416	32	32
fb637	800	416	32	32
fb638	832	416	32	32
fb639	864	416	32	32
fb640	896	416	32	32
fb641	928	416	32	32
fb642	960	416	32	32
fb643	992	416	32	32
fb644	1024	416	32	32
fb645	1056	416	32	32
fb646	1088	416	32	32
fb647	1120	416	32	32
fb648	1152	416	32	32
fb649	1184	416	32	32
fb650	1216	416	32	32
fb651	1248	416	32	32
fb652	1280	416	32	32
fb653	1312	416	32	32
fb654	1344	416	32	32
fb655	1376	416	32	32
fb656	1408	416	32	32
fb657	1440	416	32	32
fb658	1472	416	32	32
fb659	0	448	32	32
fb660	32	448	32	32
fb661	64	448	32	32
fb662	96	448	32	32
fb663	128	448	32	32
fb664	160	448	32	32
fb665	192	448	32	32
fb666	224	448	32	32
fb667	256	448	32	32
fb668	288	448	32	32
fb669	320	448	32	32
fb670	352	448	32	32
fb671	384	448	32	32
fb672	416	448	32	32
fb673	448	448	32	32
fb674	480	448	32	32
fb675	512	448	32	32
fb676	544	448	32	32
fb677	576	448	32	32
fb678	608	448	32	32
fb679	640	448	32	32
fb680	672	448	32	32
fb681	704	448	32	32
fb682	736	448	32	32
fb683	768	448	32	32
fb684	800	448	32	32
fb685	832	448	32	32
fb686	864	448	32	32
fb687	896	448	32	32
fb688	928	448	32	32
fb689	960	448	32	32
fb690	992	448	32	32
fb691	1024	448	32	32
fb692	1056	448	32	32
fb693	1088	448	32	32
fb694	1120	448	32	32
fb695	1152	448	32	32
fb696	1184	448	32	32
fb697	1216	448	32	32
fb698	1248	448	32	32
fb699	1280	448	32	32
fb700	1312	448	32	32
fb701	1344	448	32	32
fb702	1376	448	32	32
fb703	1408	448	32	32
fb704	1440	448	32	32
fb705	1472	448	32	32
fb706	0	480	32	32
fb707	32	480	32	32
fb708	64	480	32	32
fb709	96	480	32	32
fb710	128	480	32	32
fb711	160	480	32	32
fb712	192	480	32	32
fb713	224	480	32	32
fb714	256	480	32	32
fb715	288	480	32	32
fb716	320	480	32	32
fb717	352	480	32	32
fb718	384	480	32	32
fb719	416	480	32	32
fb720	448	480	32	32
fb721	480	480	32	32
fb722	512	480	32	32
fb723	544	480	32	32
fb724	576	480	32	32
fb725	608	480	32	32
fb726	640	480	32	32
fb727	672	480	32	32
fb728	704	480	32	32
fb729	736	480	32	32
fb730	768	480	32	32
fb731	800	480	32	32
fb732	832	480	32	32
fb733	864	480	32	32
fb734	896	480	32	32
fb735	928	480	32	32
fb736	960	480	32	32
fb737	992	480	32	32
fb738	1024	480	32	32
fb739	1056	480	32	32
fb740	1088	480	32	32
fb741	1120	480	32	32
fb742	1152	480	32	32
fb743	1184	480	32	32
fb744	1216	480	32	32
fb745	1248	480	32	32
fb746	1280	480	32	32
fb747	1312	480	32	32
fb748	1344	480	32	32
fb749	1376	480	32	32
fb750	1408	480	32	32
fb751	1440	480	32	32
fb752	1472	480	32	32
fb753	0	512	32	32
fb754	32	512	32	32
fb755	64	512	32	32
fb756	96	512	32	32
fb757	128	512	32	32
fb758	160	512	32	32
fb759	192	512	32	32
fb760	224	512	32	32
fb761	256	512	32	32
fb762	288	512	32	32
fb763	320	512	32	32
fb764	352	512	32	32
fb765	384	512	32	32
fb766	416	512	32	32
fb767	448	512	32	32
fb768	480	512	32	32
fb769	512	512	32	32
fb770	544	512	32	32
fb771	576	512	32	32
fb772	608	512	32	32
fb773	640	512	32	32
fb774	672	512	32	32
fb775	704	512	32	32
fb776	736	512	32	32
fb777	768	512	32	32
fb778	800	512	32	32
fb779	832	512	32	32
fb780	864	512	32	32
fb781	896	512	32	32
fb782	928	512	32	32
fb783	960	512	32	32
fb784	992	512	32	32
fb785	1024	512	32	32
fb786	1056	512	32	32
fb787	1088	512	32	32
fb788	1120	512	32	32
fb789	1152	512	32	32
fb790	1184	512	32	32
fb791	1216	512	32	32
fb792	1248	512	32	32
fb793	1280	512	32	32
fb794	1312	512	32	32
fb795	1344	512	32	32
fb796	1376	512	32	32
fb797	1408	512	32	32
fb798	1440	512	32	32
fb799	1472	512	32	32
fb800	0	544	32	32
fb801	32	544	32	32
fb802	64	544	32	32
fb803	96	544	32	32
fb804	128	544	32	32
fb805	160	544	32	32
fb806	192	544	32	32
fb807	224	544	32	32
fb808	256	544	32	32
fb809	288	544	32	32
fb810	320	544	32	32
fb811	352	544	32	32
fb812	384	544	32	32
fb813	416	544	32	32
fb814	448	544	32	32
fb815	480	544	32	32
fb816	512	544	32	32
fb817	544	544	32	32
fb818	576	544	32	32
fb819	608	544	32	32
fb820	640	544	32	32
fb821	672	544	32	32
fb822	704	544	32	32
fb823	736	544	32	32
fb824	768	544	32	32
fb825	800	544	32	32
fb826	832	544	32	32
fb827	864	544	32	32
fb828	896	544	32	32
fb829	928	544	32	32
fb830	960	544	32	32
fb831	992	544	32	32
fb832	1024	544	32	32
fb833	1056	544	32	32
fb834	1088	544	32	32
fb835	1120	544	32	32
fb836	1152	544	32	32
fb837	1184	544	32	32
fb838	1216	544	32	32
fb839	1248	544	32	32
fb840	1280	544	32	32
fb841	1312	544	32	32
fb842	1344	544	32	32
fb843	1376	544	32	32
fb844	1408	544	32	32
fb845	1440	544	32	32
fb846	1472	544	32	32
fb847	0	576	32	32
fb848	32	576	32	32
fb849	64	576	32	32
fb850	96	576	32	32
fb851	128	576	32	32
fb852	160	576	32	32
fb853	192	576	32	32
fb854	224	576	32	32
fb855	256	576	32	32
fb856	288	576	32	32
fb857	320	576	32	32
fb858	352	576	32	32
fb859	384	576	32	32
fb860	416	576	32	32
fb861	448	576	32	32
fb862	480	576	32	32
fb863	512	576	32	32
fb864	544	576	32	32
fb865	576	576	32	32
fb866	608	576	32	32
fb867	640	576	32	32
fb868	672	576	32	32
fb869	704	576	32	32
fb870	736	576	32	32
fb871	768	576	32	32
fb872	800	576	32	32
fb873	832	576	32	32
fb874	864	576	32	32
fb875	896	576	32	32
fb876	928	576	32	32
fb877	960	576	32	32
fb878	992	576	32	32
fb879	1024	576	32	32
fb880	1056	576	32	32
fb881	1088	576	32	32
fb882	1120	576	32	32
fb883	1152	576	32	32
fb884	1184	576	32	32
fb885	1216	576	32	32
fb886	1248	576	32	32
fb887	1280	576	32	32
fb888	1312	576	32	32
fb889	1344	576	32	32
fb890	1376	576	32	32
fb891	1408	576	32	32
fb892	1440	576	32	32
fb893	1472	576	32	32
fb894	0	608	32	32
fb895	32	608	32	32
fb896	64	608	32	32
fb897	96	608	32	32
fb898	128	608	32	32
fb899	160	608	32	32
fb900	192	608	32	32
fb901	224	608	32	32
fb902	256	608	32	32
fb903	288	608	32	32
fb904	320	608	32	32
fb905	352	608	32	32
fb906	384	608	32	32
fb907	416	608	32	32
fb908	448	608	32	32
fb909	480	608	32	32
fb910	512	608	32	32
fb911	544	608	32	32
fb912	576	608	32	32
fb913	608	608	32	32
fb914	640	608	32	32
fb915	672	608	32	32
fb916	704	608	32	32
fb917	736	608	32	32
fb918	768	608	32	32
fb919	800	608	32	32
fb920	832	608	32	32
fb921	864	608	32	32
fb922	896	608	32	32
fb923	928	608	32	32
fb924	960	608	32	32
fb925	992	608	32	32
fb926	1024	608	32	32
fb927	1056	608	32	32
fb928	1088	608	32	32
fb929	1120	608	32	32
fb930	1152	608	32	32
fb931	1184	608	32	32
fb932	1216	608	32	32
fb933	1248	608	32	32
fb934	1280	608	32	32
fb935	1312	608	32	32
fb936	1344	608	32	32
fb937	1376	608	32	32
fb938	1408	608	32	32
fb939	1440	608	32	32
fb940	1472	608	32	32
fb941	0	640	32	32
fb942	32	640	32	32
fb943	64	640	32	32
fb944	96	640	32	32
fb945	128	640	32	32
fb946	160	640	32	32
fb947	192	640	32	32
fb948	224	640	32	32
fb949	256	640	32	32
fb950	288	640	32	32
fb951	320	640	32	32
fb952	352	640	32	32
fb953	384	640	32	32
fb954	416	640	32	32
fb955	448	640	32	32
fb956	480	640	32	32
fb957	512	640	32	32
fb958	544	640	32	32
fb959	576	640	32	32
fb960	608	640	32	32
fb961	640	640	32	32
fb962	672	640	32	32
fb963	704	640	32	32
fb964	736	640	32	32
fb965	768	640	32	32
fb966	800	640	32	32
fb967	832	640	32	32
fb968	864	640	32	32
fb969	896	640	32	32
fb970	928	640	32	32
fb971	960	640	32	32
fb972	992	640	32	32
fb973	1024	640	32	32
fb974	1056	640	32	32
fb975	1088	640	32	32
fb976	1120	640	32	32
fb977	1152	640	32	32
fb978	1184	640	32	32
fb979	1216	640	32	32
fb980	1248	640	32	32
fb981	1280	640	32	32
fb982	1312	640	32	32
fb983	1344	640	32	32
fb984	1376	640	32	32
fb985	1408	640	32	32
fb986	1440	640	32	32
fb987	1472	640	32	32
fb988	0	672	32	32
fb989	32	672	32	32
fb990	64	672	32	32
fb991	96	672	32	32
fb992	128	672	32	32
fb993	160	672	32	32
fb994	192	672	32	32
fb995	224	672	32	32
fb996	256	672	32	32
fb997	288	672	32	32
fb998	320	672	32	32
fb999	352	672	32	32
fb1000	384	672	32	32
fb1001	416	672	32	32
fb1002	448	672	32	32
fb1003	480	672	32	32
fb1004	512	672	32	32
fb1005	544	672	32	32
fb1006	576	672	32	32
fb1007	608	672	32	32
fb1008	640	672	32	32
fb1009	672	672	32	32
fb1010	704	672	32	32
fb1011	736	672	32	32
fb1012	768	672	32	32
fb1013	800	672	32	32
fb1014	832	672	32	32
fb1015	864	672	32	32
fb1016	896	672	32	32
fb1017	928	672	32	32
fb1018	960	672	32	32
fb1019	992	672	32	32
fb1020	1024	672	32	32
fb1021	1056	672	32	32
fb1022	1088	672	32	32
fb1023	1120	672	32	32
fb1024	1152	672	32	32
fb1025	1184	672	32	32
fb1026	1216	672	32	32
fb1027	1248	672	32	32
fb1028	1280	672	32	32
fb1029	1312	672	32	32
fb1030	1344	672	32	32
fb1031	1376	672	32	32
fb1032	1408	672	32	32
fb1033	1440	672	32	32
fb1034	1472	672	32	32
fb1035	0	704	32	32
fb1036	32	704	32	32
fb1037	64	704	32	32
fb1038	96	704	32	32
fb1039	128	704	32	32
fb1040	160	704	32	32
fb1041	192	704	32	32
fb1042	224	704	32	32
fb1043	256	704	32	32
fb1044	288	704	32	32
fb1045	320	704	32	32
fb1046	352	704	32	32
fb1047	384	704	32	32
fb1048	416	704	32	32
fb1049	448	704	32	32
fb1050	480	704	32	32
fb1051	512	704	32	32
fb1052	544	704	32	32
fb1053	576	704	32	32
fb1054	608	704	32	32
fb1055	640	704	32	32
fb1056	672	704	32	32
fb1057	704	704	32	32
fb1058	736	704	32	32
fb1059	768	704	32	32
fb1060	800	704	32	32
fb1061	832	704	32	32
fb1062	864	704	32	32
fb1063	896	704	32	32
fb1064	928	704	32	32
fb1065	960	704	32	32
fb1066	992	704	32	32
fb1067	1024	704	32	32
fb1068	1056	704	32	32
fb1069	1088	704	32	32
fb1070	1120	704	32	32
fb1071	1152	704	32	32
fb1072	1184	704	32	32
fb1073	1216	704	32	32
fb1074	1248	704	32	32
fb1075	1280	704	32	32
fb1076	1312	704	32	32
fb1077	1344	704	32	32
fb1078	1376	704	32	32
fb1079	1408	704	32	32
fb1080	1440	704	32	32
fb1081	1472	704	32	32
fb1082	0	736	32	32
fb1083	32	736	32	32
fb1084	64	736	32	32
fb1085	96	736	32	32
fb1086	128	736	32	32
fb1087	160	736	32	32
fb1088	192	736	32	32
fb1089	224	736	32	32
fb1090	256	736	32	32
fb1091	288	736	32	32
fb1092	320	736	32	32
fb1093	352	736	32	32
fb1094	384	736	32	32
fb1095	416	736	32	32
fb1096	448	736	32	32
fb1097	480	736	32	32
fb1098	512	736	32	32
fb1099	544	736	32	32
fb1100	576	736	32	32
fb1101	608	736	32	32
fb1102	640	736	32	32
fb1103	672	736	32	32
fb1104	704	736	32	32
fb1105	736	736	32	32
fb1106	768	736	32	32
fb1107	800	736	32	32
fb1108	832	736	32	32
fb1109	864	736	32	32
fb1110	896	736	32	32
fb1111	928	736	32	32
fb1112	960	736	32	32
fb1113	992	736	32	32
fb1114	1024	736	32	32
fb1115	1056	736	32	32
fb1116	1088	736	32	32
fb1117	1120	736	32	32
fb1118	1152	736	32	32
fb1119	1184	736	32	32
fb1120	1216	736	32	32
fb1121	1248	736	32	32
fb1122	1280	736	32	32
fb1123	1312	736	32	32
fb1124	1344	736	32	32
fb1125	1376	736	32	32
fb1126	1408	736	32	32
fb1127	1440	736	32	32
fb1128	1472	736	32	32
fb1129	0	768	32	32
fb1130	32	768	32	32
fb1131	64	768	32	32
fb1132	96	768	32	32
fb1133	128	768	32	32
fb1134	160	768	32	32
fb1135	192	768	32	32
fb1136	224	768	32	32
fb1137	256	768	32	32
fb1138	288	768	32	32
fb1139	320	768	32	32
fb1140	352	768	32	32
fb1141	384	768	32	32
fb1142	416	768	32	32
fb1143	448	768	32	32
fb1144	480	768	32	32
fb1145	512	768	32	32
fb1146	544	768	32	32
fb1147	576	768	32	32
fb1148	608	768	32	32
fb1149	640	768	32	32
fb1150	672	768	32	32
fb1151	704	768	32	32
fb1152	736	768	32	32
fb1153	768	768	32	32
fb1154	800	768	32	32
fb1155	832	768	32	32
fb1156	864	768	32	32
fb1157	896	768	32	32
fb1158	928	768	32	32
fb1159	960	768	32	32
fb1160	992	768	32	32
fb1161	1024	768	32	32
fb1162	1056	768	32	32
fb1163	1088	768	32	32
fb1164	1120	768	32	32
fb1165	1152	768	32	32
fb1166	1184	768	32	32
fb1167	1216	768	32	32
fb1168	1248	768	32	32
fb1169	1280	768	32	32
fb1170	1312	768	32	32
fb1171	1344	768	32	32
fb1172	1376	768	32	32
fb1173	1408	768	32	32
fb1174	1440	768	32	32
fb1175	1472	768	32	32
fb1176	0	800	32	32
fb1177	32	800	32	32
fb1178	64	800	32	32
fb1179	96	800	32	32
fb1180	128	800	32	32
fb1181	160	800	32	32
fb1182	192	800	32	32
fb1183	224	800	32	32
fb1184	256	800	32	32
fb1185	288	800	32	32
fb1186	320	800	32	32
fb1187	352	800	32	32
fb1188	384	800	32	32
fb1189	416	800	32	32
fb1190	448	800	32	32
fb1191	480	800	32	32
fb1192	512	800	32	32
fb1193	544	800	32	32
fb1194	576	800	32	32
fb1195	608	800	32	32
fb1196	640	800	32	32
fb1197	672	800	32	32
fb1198	704	800	32	32
fb1199	736	800	32	32
fb1200	768	800	32	32
fb1201	800	800	32	32
fb1202	832	800	32	32
fb1203	864	800	32	32
fb1204	896	800	32	32
fb1205	928	800	32	32
fb1206	960	800	32	32
fb1207	992	800	32	32
fb1208	1024	800	32	32
fb1209	1056	800	32	32
fb1210	1088	800	32	32
fb1211	1120	800	32	32
fb1212	1152	800	32	32
fb1213	1184	800	32	32
fb1214	1216	800	32	32
fb1215	1248	800	32	32
fb1216	1280	800	32	32
fb1217	1312	800	32	32
fb1218	1344	800	32	32
fb1219	1376	800	32	32
fb1220	1408	800	32	32
fb1221	1440	800	32	32
fb1222	1472	800	32	32
fb1223	0	832	32	32
fb1224	32	832	32	32
fb1225	64	832	32	32
fb1226	96	832	32	32
fb1227	128	832	32	32
fb1228	160	832	32	32
fb1229	192	832	32	32
fb1230	224	832	32	32
fb1231	256	832	32	32
fb1232	288	832	32	32
fb1233	320	832	32	32
fb1234	352	832	32	32
fb1235	384	832	32	32
fb1236	416	832	32	32
fb1237	448	832	32	32
fb1238	480	832	32	32
fb1239	512	832	32	32
fb1240	544	832	32	32
fb1241	576	832	32	32
fb1242	608	832	32	32
fb1243	640	832	32	32
fb1244	672	832	32	32
fb1245	704	832	32	32
fb1246	736	832	32	32
fb1247	768	832	32	32
fb1248	800	832	32	32
fb1249	832	832	32	32
fb1250	864	832	32	32
fb1251	896	832	32	32
fb1252	928	832	32	32
fb1253	960	832	32	32
fb1254	992	832	32	32
fb1255	1024	832	32	32
fb1256	1056	832	32	32
fb1257	1088	832	32	32
fb1258	1120	832	32	32
fb1259	1152	832	32	32
fb1260	1184	832	32	32
fb1261	1216	832	32	32
fb1262	1248	832	32	32
fb1263	1280	832	32	32
fb1264	1312	832	32	32
fb1265	1344	832	32	32
fb1266	1376	832	32	32
fb1267	1408	832	32	32
fb1268	1440	832	32	32
fb1269	1472	832	32	32
fb1270	0	864	32	32
fb1271	32	864	32	32
fb1272	64	864	32	32
fb1273	96	864	32	32
fb1274	128	864	32	32
fb1275	160	864	32	32
fb1276	192	864	32	32
fb1277	224	864	32	32
fb1278	256	864	32	32
fb1279	288	864	32	32
fb1280	320	864	32	32
fb1281	352	864	32	32
fb1282	384	864	32	32
fb1283	416	864	32	32
fb1284	448	864	32	32
fb1285	480	864	32	32
fb1286	512	864	32	32
fb1287	544	864	32	32
fb1288	576	864	32	32
fb1289	608	864	32	32
fb1290	640	864	32	32
fb1291	672	864	32	32
fb1292	704	864	32	32
fb1293	736	864	32	32
fb1294	768	864	32	32
fb1295	800	864	32	32
fb1296	832	864	32	32
fb1297	864	864	32	32
fb1298	896	864	32	32
fb1299	928	864	32	32
fb1300	960	864	32	32
fb1301	992	864	32	32
fb1302	1024	864	32	32
fb1303	1056	864	32	32
fb1304	1088	864	32	32
fb1305	1120	864	32	32
fb1306	1152	864	32	32
fb1307	1184	864	32	32
fb1308	1216	864	32	32
fb1309	1248	864	32	32
fb1310	1280	864	32	32
fb1311	1312	864	32	32
fb1312	1344	864	32	32
fb1313	1376	864	32	32
fb1314	1408	864	32	32
fb1315	1440	864	32	32
fb1316	1472	864	32	32
fb1317	0	896	32	32
fb1318	32	896	32	32
fb1319	64	896	32	32
fb1320	96	896	32	32
fb1321	128	896	32	32
fb1322	160	896	32	32
fb1323	192	896	32	32
fb1324	224	896	32	32
fb1325	256	896	32	32
fb1326	288	896	32	32
fb1327	320	896	32	32
fb1328	352	896	32	32
fb1329	384	896	32	32
fb1330	416	896	32	32
fb1331	448	896	32	32
fb1332	480	896	32	32
fb1333	512	896	32	32
fb1334	544	896	32	32
fb1335	576	896	32	32
fb1336	608	896	32	32
fb1337	640	896	32	32
fb1338	672	896	32	32
fb1339	704	896	32	32
fb1340	736	896	32	32
fb1341	768	896	32	32
fb1342	800	896	32	32
fb1343	832	896	32	32
fb1344	864	896	32	32
fb1345	896	896	32	32
fb1346	928	896	32	32
fb1347	960	896	32	32
fb1348	992	896	32	32
fb1349	1024	896	32	32
fb1350	1056	896	32	32
fb1351	1088	896	32	32
fb1352	1120	896	32	32
fb1353	1152	896	32	32
fb1354	1184	896	32	32
fb1355	1216	896	32	32
fb1356	1248	896	32	32
fb1357	1280	896	32	32
fb1358	1312	896	32	32
fb1359	1344	896	32	32
fb1360	1376	896	32	32
fb1361	1408	896	32	32
fb1362	1440	896	32	32
fb1363	1472	896	32	32
fb1364	0	928	32	32
fb1365	32	928	32	32
fb1366	64	928	32	32
fb1367	96	928	32	32
fb1368	128	928	32	32
fb1369	160	928	32	32
fb1370	192	928	32	32
fb1371	224	928	32	32
fb1372	256	928	32	32
fb1373	288	928	32	32
fb1374	320	928	32	32
fb1375	352	928	32	32
fb1376	384	928	32	32
fb1377	416	928	32	32
fb1378	448	928	32	32
fb1379	480	928	32	32
fb1380	512	928	32	32
fb1381	544	928	32	32
fb1382	576	928	32	32
fb1383	608	928	32	32
fb1384	640	928	32	32
fb1385	672	928	32	32
fb1386	704	928	32	32
fb1387	736	928	32	32
fb1388	768	928	32	32
fb1389	800	928	32	32
fb1390	832	928	32	32
fb1391	864	928	32	32
fb1392	896	928	32	32
fb1393	928	928	32	32
fb1394	960	928	32	32
fb1395	992	928	32	32
fb1396	1024	928	32	32
fb1397	1056	928	32	32
fb1398	1088	928	32	32
fb1399	1120	928	32	32
fb1400	1152	928	32	32
fb1401	1184	928	32	32
fb1402	1216	928	32	32
fb1403	1248	928	32	32
fb1404	1280	928	32	32
fb1405	1312	928	32	32
fb1406	1344	928	32	32
fb1407	1376	928	32	32
fb1408	1408	928	32	32
fb1409	1440	928	32	32
fb1410	1472	928	32	32
fb1411	0	960	32	32
fb1412	32	960	32	32
fb1413	64	960	32	32
fb1414	96	960	32	32
fb1415	128	960	32	32
fb1416	160	960	32	32
fb1417	192	960	32	32
fb1418	224	960	32	32
fb1419	256	960	32	32
fb1420	288	960	32	32
fb1421	320	960	32	32
fb1422	352	960	32	32
fb1423	384	960	32	32
fb1424	416	960	32	32
fb1425	448	960	32	32
fb1426	480	960	32	32
fb1427	512	960	32	32
fb1428	544	960	32	32
fb1429	576	960	32	32
fb1430	608	960	32	32
fb1431	640	960	32	32
fb1432	672	960	32	32
fb1433	704	960	32	32
fb1434	736	960	32	32
fb1435	768	960	32	32
fb1436	800	960	32	32
fb1437	832	960	32	32
fb1438	864	960	32	32
fb1439	896	960	32	32
fb1440	928	960	32	32
fb1441	960	960	32	32
fb1442	992	960	32	32
fb1443	1024	960	32	32
fb1444	1056	960	32	32
fb1445	1088	960	32	32
fb1446	1120	960	32	32
fb1447	1152	960	32	32
fb1448	1184	960	32	32
fb1449	1216	960	32	32
fb1450	1248	960	32	32
fb1451	1280	960	32	32
fb1452	1312	960	32	32
fb1453	1344	960	32	32
fb1454	1376	960	32	32
fb1455	1408	960	32	32
fb1456	1440	960	32	32
fb1457	1472	960	32	32
fb1458	0	992	32	32
fb1459	32	992	32	32
fb1460	64	992	32	32
fb1461	96	992	32	32
fb1462	128	992	32	32
fb1463	160	992	32	32
fb1464	192	992	32	32
fb1465	224	992	32	32
fb1466	256	992	32	32
fb1467	288	992	32	32
fb1468	320	992	32	32
fb1469	352	992	32	32
fb1470	384	992	32	32
fb1471	416	992	32	32
fb1472	448	992	32	32
fb1473	480	992	32	32
fb1474	512	992	32	32
fb1475	544	992	32	32
fb1476	576	992	32	32
fb1477	608	992	32	32
fb1478	640	992	32	32
fb1479	672	992	32	32
fb1480	704	992	32	32
fb1481	736	992	32	32
fb1482	768	992	32	32
fb1483	800	992	32	32
fb1484	832	992	32	32
fb1485	864	992	32	32
fb1486	896	992	32	32
fb1487	928	992	32	32
fb1488	960	992	32	32
fb1489	992	992	32	32
fb1490	1024	992	32	32
fb1491	1056	992	32	32
fb1492	1088	992	32	32
fb1493	1120	992	32	32
fb1494	1152	992	32	32
fb1495	1184	992	32	32
fb1496	1216	992	32	32
fb1497	1248	992	32	32
fb1498	1280	992	32	32
fb1499	1312	992	32	32
fb1500	1344	992	32	32
fb1501	1376	992	32	32
fb1502	1408	992	32	32
fb1503	1440	992	32	32
fb1504	1472	992	32	32
fb1505	0	1024	32	32
fb1506	32	1024	32	32
fb1507	64	1024	32	32
fb1508	96	1024	32	32
fb1509	128	1024	32	32
fb1510	160	1024	32	32
fb1511	192	1024	32	32
fb1512	224	1024	32	32
fb1513	256	1024	32	32
fb1514	288	1024	32	32
fb1515	320	1024	32	32
fb1516	352	1024	32	32
fb1517	384	1024	32	32
fb1518	416	1024	32	32
fb1519	448	1024	32	32
fb1520	480	1024	32	32
fb1521	512	1024	32	32
fb1522	544	1024	32	32
fb1523	576	1024	32	32
fb1524	608	1024	32	32
fb1525	640	1024	32	32
fb1526	672	1024	32	32
fb1527	704	1024	32	32
fb1528	736	1024	32	32
fb1529	768	1024	32	32
fb1530	800	1024	32	32
fb1531	832	1024	32	32
fb1532	864	1024	32	32
fb1533	896	1024	32	32
fb1534	928	1024	32	32
fb1535	960	1024	32	32
fb1536	992	1024	32	32
fb1537	1024	1024	32	32
fb1538	1056	1024	32	32
fb1539	1088	1024	32	32
fb1540	1120	1024	32	32
fb1541	1152	1024	32	32
fb1542	1184	1024	32	32
fb1543	1216	1024	32	32
fb1544	1248	1024	32	32
fb1545	1280	1024	32	32
fb1546	1312	1024	32	32
fb1547	1344	1024	32	32
fb1548	1376	1024	32	32
fb1549	1408	1024	32	32
fb1550	1440	1024	32	32
fb1551	1472	1024	32	32
fb1552	0	1056	32	32
fb1553	32	1056	32	32
fb1554	64	1056	32	32
fb1555	96	1056	32	32
fb1556	128	1056	32	32
fb1557	160	1056	32	32
fb1558	192	1056	32	32
fb1559	224	1056	32	32
fb1560	256	1056	32	32
fb1561	288	1056	32	32
fb1562	320	1056	32	32
fb1563	352	1056	32	32
fb1564	384	1056	32	32
fb1565	416	1056	32	32
fb1566	448	1056	32	32
fb1567	480	1056	32	32
fb1568	512	1056	32	32
fb1569	544	1056	32	32
fb1570	576	1056	32	32
fb1571	608	1056	32	32
fb1572	640	1056	32	32
fb1573	672	1056	32	32
fb1574	704	1056	32	32
fb1575	736	1056	32	32
fb1576	768	1056	32	32
fb1577	800	1056	32	32
fb1578	832	1056	32	32
fb1579	864	1056	32	32
fb1580	896	1056	32	32
fb1581	928	1056	32	32
fb1582	960	1056	32	32
fb1583	992	1056	32	32
fb1584	1024	1056	32	32
fb1585	1056	1056	32	32
fb1586	1088	1056	32	32
fb1587	1120	1056	32	32
fb1588	1152	1056	32	32
fb1589	1184	1056	32	32
fb1590	1216	1056	32	32
fb1591	1248	1056	32	32
fb1592	1280	1056	32	32
fb1593	1312	1056	32	32
fb1594	1344	1056	32	32
fb1595	1376	1056	32	32
fb1596	1408	1056	32	32
fb1597	1440	1056	32	32
fb1598	1472	1056	32	32
fb1599	0	1088	32	32
fb1600	32	1088	32	32
fb1601	64	1088	32	32
fb1602	96	1088	32	32
fb1603	128	1088	32	32
fb1604	160	1088	32	32
fb1605	192	1088	32	32
fb1606	224	1088	32	32
fb1607	256	1088	32	32
fb1608	288	1088	32	32
fb1609	320	1088	32	32
fb1610	352	1088	32	32
fb1611	384	1088	32	32
fb1612	416	1088	32	32
fb1613	448	1088	32	32
fb1614	480	1088	32	32
fb1615	512	1088	32	32
fb1616	544	1088	32	32
fb1617	576	1088	32	32
fb1618	608	1088	32	32
fb1619	640	1088	32	32
fb1620	672	1088	32	32
fb1621	704	1088	32	32
fb1622	736	1088	32	32
fb1623	768	1088	32	32
fb1624	800	1088	32	32
fb1625	832	1088	32	32
fb1626	864	1088	32	32
fb1627	896	1088	32	32
fb1628	928	1088	32	32
fb1629	960	1088	32	32
fb1630	992	1088	32	32
fb1631	1024	1088	32	32
fb1632	1056	1088	32	32
fb1633	1088	1088	32	32
fb1634	1120	1088	32	32
fb1635	1152	1088	32	32
fb1636	1184	1088	32	32
fb1637	1216	1088	32	32
fb1638	1248	1088	32	32
fb1639	1280	1088	32	32
fb1640	1312	1088	32	32
fb1641	1344	1088	32	32
fb1642	1376	1088	32	32
fb1643	1408	1088	32	32
fb1644	1440	1088	32	32
fb1645	1472	1088	32	32
fb1646	0	1120	32	32
fb1647	32	1120	32	32
fb1648	64	1120	32	32
fb1649	96	1120	32	32
fb1650	128	1120	32	32
fb1651	160	1120	32	32
fb1652	192	1120	32	32
fb1653	224	1120	32	32
fb1654	256	1120	32	32
fb1655	288	1120	32	32
fb1656	320	1120	32	32
fb1657	352	1120	32	32
fb1658	384	1120	32	32
fb1659	416	1120	32	32
fb1660	448	1120	32	32
fb1661	480	1120	32	32
fb1662	512	1120	32	32
fb1663	544	1120	32	32
fb1664	576	1120	32	32
fb1665	608	1120	32	32
fb1666	640	1120	32	32
fb1667	672	1120	32	32
fb1668	704	1120	32	32
fb1669	736	1120	32	32
fb1670	768	1120	32	32
fb1671	800	1120	32	32
fb1672	832	1120	32	32
fb1673	864	1120	32	32
fb1674	896	1120	32	32
fb1675	928	1120	32	32
fb1676	960	1120	32	32
fb1677	992	1120	32	32
fb1678	1024	1120	32	32
fb1679	1056	1120	32	32
fb1680	1088	1120	32	32
fb1681	1120	1120	32	32
fb1682	1152	1120	32	32
fb1683	1184	1120	32	32
fb1684	1216	1120	32	32
fb1685	1248	1120	32	32
fb1686	1280	1120	32	32
fb1687	1312	1120	32	32
fb1688	1344	1120	32	32
fb1689	1376	1120	32	32
fb1690	1408	1120	32	32
fb1691	1440	1120	32	32
fb1692	1472	1120	32	32
fb1693	0	1152	32	32
fb1694	32	1152	32	32
fb1695	64	1152	32	32
fb1696	96	1152	32	32
fb1697	128	1152	32	32
fb1698	160	1152	32	32
fb1699	192	1152	32	32
fb1700	224	1152	32	32
fb1701	256	1152	32	32
fb1702	288	1152	32	32
fb1703	320	1152	32	32
fb1704	352	1152	32	32
fb1705	384	1152	32	32
fb1706	416	1152	32	32
fb1707	448	1152	32	32
fb1708	480	1152	32	32
fb1709	512	1152	32	32
fb1710	544	1152	32	32
fb1711	576	1152	32	32
fb1712	608	1152	32	32
fb1713	640	1152	32	32
fb1714	672	1152	32	32
fb1715	704	1152	32	32
fb1716	736	1152	32	32
fb1717	768	1152	32	32
fb1718	800	1152	32	32
fb1719	832	1152	32	32
fb1720	864	1152	32	32
fb1721	896	1152	32	32
fb1722	928	1152	32	32
fb1723	960	1152	32	32
fb1724	992	1152	32	32
fb1725	1024	1152	32	32
fb1726	1056	1152	32	32
fb1727	1088	1152	32	32
fb1728	1120	1152	32	32
fb1729	1152	1152	32	32
fb1730	1184	1152	32	32
fb1731	1216	1152	32	32
fb1732	1248	1152	32	32
fb1733	1280	1152	32	32
fb1734	1312	1152	32	32
fb1735	1344	1152	32	32
fb1736	1376	1152	32	32
fb1737	1408	1152	32	32
fb1738	1440	1152	32	32
fb1739	1472	1152	32	32
fb1740	0	1184	32	32
fb1741	32	1184	32	32
fb1742	64	1184	32	32
fb1743	96	1184	32	32
fb1744	128	1184	32	32
fb1745	160	1184	32	32
fb1746	192	1184	32	32
fb1747	224	1184	32	32
fb1748	256	1184	32	32
fb1749	288	1184	32	32
fb1750	320	1184	32	32
fb1751	352	1184	32	32
fb1752	384	1184	32	32
fb1753	416	1184	32	32
fb1754	448	1184	32	32
fb1755	480	1184	32	32
fb1756	512	1184	32	32
fb1757	544	1184	32	32
fb1758	576	1184	32	32
fb1759	608	1184	32	32
fb1760	640	1184	32	32
fb1761	672	1184	32	32
fb1762	704	1184	32	32
fb1763	736	1184	32	32
fb1764	768	1184	32	32
fb1765	800	1184	32	32
fb1766	832	1184	32	32
fb1767	864	1184	32	32
fb1768	896	1184	32	32
fb1769	928	1184	32	32
fb1770	960	1184	32	32
fb1771	992	1184	32	32
fb1772	1024	1184	32	32
fb1773	1056	1184	32	32
fb1774	1088	1184	32	32
fb1775	1120	1184	32	32
fb1776	1152	1184	32	32
fb1777	1184	1184	32	32
fb1778	1216	1184	32	32
fb1779	1248	1184	32	32
fb1780	1280	1184	32	32
fb1781	1312	1184	32	32
fb1782	1344	1184	32	32
fb1783	1376	1184	32	32
fb1784	1408	1184	32	32
fb1785	1440	1184	32	32
fb1786	1472	1184	32	32
fb1787	0	1216	32	32
fb1788	32	1216	32	32
fb1789	64	1216	32	32
fb1790	96	1216	32	32
fb1791	128	1216	32	32
fb1792	160	1216	32	32
fb1793	192	1216	32	32
fb1794	224	1216	32	32
fb1795	256	1216	32	32
fb1796	288	1216	32	32
fb1797	320	1216	32	32
fb1798	352	1216	32	32
fb1799	384	1216	32	32
fb1800	416	1216	32	32
fb1801	448	1216	32	32
fb1802	480	1216	32	32
fb1803	512	1216	32	32
fb1804	544	1216	32	32
fb1805	576	1216	32	32
fb1806	608	1216	32	32
fb1807	640	1216	32	32
fb1808	672	1216	32	32
fb1809	704	1216	32	32
fb1810	736	1216	32	32
fb1811	768	1216	32	32
fb1812	800	1216	32	32
fb1813	832	1216	32	32
fb1814	864	1216	32	32
fb1815	896	1216	32	32
fb1816	928	1216	32	32
fb1817	960	1216	32	32
fb1818	992	1216	32	32
fb1819	1024	1216	32	32
fb1820	1056	1216	32	32
fb1821	1088	1216	32	32
fb1822	1120	1216	32	32
fb1823	1152	1216	32	32
fb1824	1184	1216	32	32
fb1825	1216	1216	32	32
fb1826	1248	1216	32	32
fb1827	1280	1216	32	32
fb1828	1312	1216	32	32
fb1829	1344	1216	32	32
fb1830	1376	1216	32	32
fb1831	1408	1216	32	32
fb1832	1440	1216	32	32
fb1833	1472	1216	32	32
fb1834	0	1248	32	32
fb1835	32	1248	32	32
fb1836	64	1248	32	32
fb1837	96	1248	32	32
fb1838	128	1248	32	32
fb1839	160	1248	32	32
fb1840	192	1248	32	32
fb1841	224	1248	32	32
fb1842	256	1248	32	32
fb1843	288	1248	32	32
fb1844	320	1248	32	32
fb1845	352	1248	32	32
fb1846	384	1248	32	32
fb1847	416	1248	32	32
fb1848	448	1248	32	32
fb1849	480	1248	32	32
fb1850	512	1248	32	32
fb1851	544	1248	32	32
fb1852	576	1248	32	32
fb1853	608	1248	32	32
fb1854	640	1248	32	32
fb1855	672	1248	32	32
fb1856	704	1248	32	32
fb1857	736	1248	32	32
fb1858	768	1248	32	32
fb1859	800	1248	32	32
fb1860	832	1248	32	32
fb1861	864	1248	32	32
fb1862	896	1248	32	32
fb1863	928	1248	32	32
fb1864	960	1248	32	32
fb1865	992	1248	32	32
fb1866	1024	1248	32	32
fb1867	1056	1248	32	32
fb1868	1088	1248	32	32
fb1869	1120	1248	32	32
fb1870	1152	1248	32	32
fb1871	1184	1248	32	32
fb1872	1216	1248	32	32
fb1873	1248	1248	32	32
fb1874	1280	1248	32	32
fb1875	1312	1248	32	32
fb1876	1344	1248	32	32
fb1877	1376	1248	32	32
fb1878	1408	1248	32	32
fb1879	1440	1248	32	32
fb1880	1472	1248	32	32
fb1881	0	1280	32	32
fb1882	32	1280	32	32
fb1883	64	1280	32	32
fb1884	96	1280	32	32
fb1885	128	1280	32	32
fb1886	160	1280	32	32
fb1887	192	1280	32	32
fb1888	224	1280	32	32
fb1889	256	1280	32	32
fb1890	288	1280	32	32
fb1891	320	1280	32	32
fb1892	352	1280	32	32
fb1893	384	1280	32	32
fb1894	416	1280	32	32
fb1895	448	1280	32	32
fb1896	480	1280	32	32
fb1897	512	1280	32	32
fb1898	544	1280	32	32
fb1899	576	1280	32	32
fb1900	608	1280	32	32
fb1901	640	1280	32	32
fb1902	672	1280	32	32
fb1903	704	1280	32	32
fb1904	736	1280	32	32
fb1905	768	1280	32	32
fb1906	800	1280	32	32
fb1907	832	1280	32	32
fb1908	864	1280	32	32
fb1909	896	1280	32	32
fb1910	928	1280	32	32
fb1911	960	1280	32	32
fb1912	992	1280	32	32
fb1913	1024	1280	32	32
fb1914	1056	1280	32	32
fb1915	1088	1280	32	32
fb1916	1120	1280	32	32
fb1917	1152	1280	32	32
fb1918	1184	1280	32	32
fb1919	1216	1280	32	32
fb1920	1248	1280	32	32
fb1921	1280	1280	32	32
fb1922	1312	1280	32	32
fb1923	1344	1280	32	32
fb1924	1376	1280	32	32
fb1925	1408	1280	32	32
fb1926	1440	1280	32	32
fb1927	1472	1280	32	32
fb1928	0	1312	32	32
fb1929	32	1312	32	32
fb1930	64	1312	32	32
fb1931	96	1312	32	32
fb1932	128	1312	32	32
fb1933	160	1312	32	32
fb1934	192	1312	32	32
fb1935	224	1312	32	32
fb1936	256	1312	32	32
fb1937	288	1312	32	32
fb1938	320	1312	32	32
fb1939	352	1312	32	32
fb1940	384	1312	32	32
fb1941	416	1312	32	32
fb1942	448	1312	32	32
fb1943	480	1312	32	32
fb1944	512	1312	32	32
fb1945	544	1312	32	32
fb1946	576	1312	32	32
fb1947	608	1312	32	32
fb1948	640	1312	32	32
fb1949	672	1312	32	32
fb1950	704	1312	32	32
fb1951	736	1312	32	32
fb1952	768	1312	32	32
fb1953	800	1312	32	32
fb1954	832	1312	32	32
fb1955	864	1312	32	32
fb1956	896	1312	32	32
fb1957	928	1312	32	32
fb1958	960	1312	32	32
fb1959	992	1312	32	32
fb1960	1024	1312	32	32
fb1961	1056	1312	32	32
fb1962	1088	1312	32	32
fb1963	1120	1312	32	32
fb1964	1152	1312	32	32
fb1965	1184	1312	32	32
fb1966	1216	1312	32	32
fb1967	1248	1312	32	32
fb1968	1280	1312	32	32
fb1969	1312	1312	32	32
fb1970	1344	1312	32	32
fb1971	1376	1312	32	32
fb1972	1408	1312	32	32
fb1973	1440	1312	32	32
fb1974	1472	1312	32	32
fb1975	0	1344	32	32
fb1976	32	1344	32	32
fb1977	64	1344	32	32
fb1978	96	1344	32	32
fb1979	128	1344	32	32
fb1980	160	1344	32	32
fb1981	192	1344	32	32
fb1982	224	1344	32	32
fb1983	256	1344	32	32
fb1984	288	1344	32	32
fb1985	320	1344	32	32
fb1986	352	1344	32	32
fb1987	384	1344	32	32
fb1988	416	1344	32	32
fb1989	448	1344	32	32
fb1990	480	1344	32	32
fb1991	512	1344	32	32
fb1992	544	1344	32	32
fb1993	576	1344	32	32
fb1994	608	1344	32	32
fb1995	640	1344	32	32
fb1996	672	1344	32	32
fb1997	704	1344	32	32
fb1998	736	1344	32	32
fb1999	768	1344	32	32
fb2000	800	1344	32	32
fb2001	832	1344	32	32
fb2002	864	1344	32	32
fb2003	896	1344	32	32
fb2004	928	1344	32	32
fb2005	960	1344	32	32
fb2006	992	1344	32	32
fb2007	1024	1344	32	32
fb2008	1056	1344	32	32
fb2009	1088	1344	32	32
fb2010	1120	1344	32	32
fb2011	1152	1344	32	32
fb2012	1184	1344	32	32
fb2013	1216	1344	32	32
fb2014	1248	1344	32	32
fb2015	1280	1344	32	32
fb2016	1312	1344	32	32
fb2017	1344	1344	32	32
fb2018	1376	1344	32	32
fb2019	1408	1344	32	32
fb2020	1440	1344	32	32
fb2021	1472	1344	32	32
fb2022	0	1376	32	32
fb2023	32	1376	32	32
fb2024	64	1376	32	32
fb2025	96	1376	32	32
fb2026	128	1376	32	32
fb2027	160	1376	32	32
fb2028	192	1376	32	32
fb2029	224	1376	32	32
fb2030	256	1376	32	32
fb2031	288	1376	32	32
fb2032	320	1376	32	32
fb2033	352	1376	32	32
fb2034	384	1376	32	32
fb2035	416	1376	32	32
fb2036	448	1376	32	32
fb2037	480	1376	32	32
fb2038	512	1376	32	32
fb2039	544	1376	32	32
fb2040	576	1376	32	32
fb2041	608	1376	32	32
fb2042	640	1376	32	32
fb2043	672	1376	32	32
fb2044	704	1376	32	32
fb2045	736	1376	32	32
fb2046	768	1376	32	32
fb2047	800	1376	32	32
fb2048	832	1376	32	32
fb2049	864	1376	32	32
fb2050	896	1376	32	32
fb2051	928	1376	32	32
fb2052	960	1376	32	32
fb2053	992	1376	32	32
fb2054	1024	1376	32	32
fb2055	1056	1376	32	32
fb2056	1088	1376	32	32
fb2057	1120	1376	32	32
fb2058	1152	1376	32	32
fb2059	1184	1376	32	32
fb2060	1216	1376	32	32
fb2061	1248	1376	32	32
fb2062	1280	1376	32	32
fb2063	1312	1376	32	32
fb2064	1344	1376	32	32
fb2065	1376	1376	32	32
fb2066	1408	1376	32	32
fb2067	1440	1376	32	32
fb2068	1472	1376	32	32
fb2069	0	1408	32	32
fb2070	32	1408	32	32
fb2071	64	1408	32	32
fb2072	96	1408	32	32
fb2073	128	1408	32	32
fb2074	160	1408	32	32
fb2075	192	1408	32	32
fb2076	224	1408	32	32
fb2077	256	1408	32	32
fb2078	288	1408	32	32
fb2079	320	1408	32	32
fb2080	352	1408	32	32
fb2081	384	1408	32	32
fb2082	416	1408	32	32
fb2083	448	1408	32	32
fb2084	480	1408	32	32
fb2085	512	1408	32	32
fb2086	544	1408	32	32
fb2087	576	1408	32	32
fb2088	608	1408	32	32
fb2089	640	1408	32	32
fb2090	672	1408	32	32
fb2091	704	1408	32	32
fb2092	736	1408	32	32
fb2093	768	1408	32	32
fb2094	800	1408	32	32
fb2095	832	1408	32	32
fb2096	864	1408	32	32
fb2097	896	1408	32	32
fb2098	928	1408	32	32
fb2099	960	1408	32	32
fb2100	992	1408	32	32
fb2101	1024	1408	32	32
fb2102	1056	1408	32	32
fb2103	1088	1408	32	32
fb2104	1120	1408	32	32
fb2105	1152	1408	32	32
fb2106	1184	1408	32	32
fb2107	1216	1408	32	32
fb2108	1248	1408	32	32
fb2109	1280	1408	32	32
fb2110	1312	1408	32	32
fb2111	1344	1408	32	32
fb2112	1376	1408	32	32
fb2113	1408	1408	32	32
fb2114	1440	1408	32	32
fb2115	1472	1408	32	32
fb2116	0	1440	32	32
fb2117	32	1440	32	32
fb2118	64	1440	32	32
fb2119	96	1440	32	32
fb2120	128	1440	32	32
fb2121	160	1440	32	32
fb2122	192	1440	32	32
fb2123	224	1440	32	32
fb2124	256	1440	32	32
fb2125	288	1440	32	32
fb2126	320	1440	32	32
fb2127	352	1440	32	32
fb2128	384	1440	32	32
fb2129	416	1440	32	32
fb2130	448	1440	32	32
fb2131	480	1440	32	32
fb2132	512	1440	32	32
fb2133	544	1440	32	32
fb2134	576	1440	32	32
fb2135	608	1440	32	32
fb2136	640	1440	32	32
fb2137	672	1440	32	32
fb2138	704	1440	32	32
fb2139	736	1440	32	32
fb2140	768	1440	32	32
fb2141	800	1440	32	32
fb2142	832	1440	32	32
fb2143	864	1440	32	32
fb2144	896	1440	32	32
fb2145	928	1440	32	32
fb2146	960	1440	32	32
fb2147	992	1440	32	32
fb2148	1024	1440	32	32
fb2149	1056	1440	32	32
fb2150	1088	1440	32	32
fb2151	1120	1440	32	32
fb2152	1152	1440	32	32
fb2153	1184	1440	32	32
fb2154	1216	1440	32	32
fb2155	1248	1440	32	32
fb2156	1280	1440	32	32
fb2157	1312	1440	32	32
fb2158	1344	1440	32	32
fb2159	1376	1440	32	32
fb2160	1408	1440	32	32
fb2161	1440	1440	32	32
fb2162	1472	1440	32	32
fb2163	0	1472	32	32
fb2164	32	1472	32	32
fb2165	64	1472	32	32
fb2166	96	1472	32	32
fb2167	128	1472	32	32
fb2168	160	1472	32	32
fb2169	192	1472	32	32
fb2170	224	1472	32	32
fb2171	256	1472	32	32
fb2172	288	1472	32	32
fb2173	320	1472	32	32
fb2174	352	1472	32	32
fb2175	384	1472	32	32
fb2176	416	1472	32	32
fb2177	448	1472	32	32
fb2178	480	1472	32	32
fb2179	512	1472	32	32
fb2180	544	1472	32	32
fb2181	576	1472	32	32
fb2182	608	1472	32	32
fb2183	640	1472	32	32
fb2184	672	1472	32	32
fb2185	704	1472	32	32
fb2186	736	1472	32	32
fb2187	768	1472	32	32
fb2188	800	1472	32	32
fb2189	832	1472	32	32
fb2190	864	1472	32	32
fb2191	896	1472	32	32
fb2192	928	1472	32	32
