# Sprite Sheet Atlas: raven-fantasy-64x64-spritesheet.png
# Total sprites: 2192
# Sheet size: 3008x3008
# Icon size: 64x64
# Format: name\tx\ty\twidth\theight
fc1	0	0	64	64
fc2	64	0	64	64
fc3	128	0	64	64
fc4	192	0	64	64
fc5	256	0	64	64
fc6	320	0	64	64
fc7	384	0	64	64
fc8	448	0	64	64
fc9	512	0	64	64
fc10	576	0	64	64
fc11	640	0	64	64
fc12	704	0	64	64
fc13	768	0	64	64
fc14	832	0	64	64
fc15	896	0	64	64
fc16	960	0	64	64
fc17	1024	0	64	64
fc18	1088	0	64	64
fc19	1152	0	64	64
fc20	1216	0	64	64
fc21	1280	0	64	64
fc22	1344	0	64	64
fc23	1408	0	64	64
fc24	1472	0	64	64
fc25	1536	0	64	64
fc26	1600	0	64	64
fc27	1664	0	64	64
fc28	1728	0	64	64
fc29	1792	0	64	64
fc30	1856	0	64	64
fc31	1920	0	64	64
fc32	1984	0	64	64
fc33	2048	0	64	64
fc34	2112	0	64	64
fc35	2176	0	64	64
fc36	2240	0	64	64
fc37	2304	0	64	64
fc38	2368	0	64	64
fc39	2432	0	64	64
fc40	2496	0	64	64
fc41	2560	0	64	64
fc42	2624	0	64	64
fc43	2688	0	64	64
fc44	2752	0	64	64
fc45	2816	0	64	64
fc46	2880	0	64	64
fc47	2944	0	64	64
fc48	0	64	64	64
fc49	64	64	64	64
fc50	128	64	64	64
fc51	192	64	64	64
fc52	256	64	64	64
fc53	320	64	64	64
fc54	384	64	64	64
fc55	448	64	64	64
fc56	512	64	64	64
fc57	576	64	64	64
fc58	640	64	64	64
fc59	704	64	64	64
fc60	768	64	64	64
fc61	832	64	64	64
fc62	896	64	64	64
fc63	960	64	64	64
fc64	1024	64	64	64
fc65	1088	64	64	64
fc66	1152	64	64	64
fc67	1216	64	64	64
fc68	1280	64	64	64
fc69	1344	64	64	64
fc70	1408	64	64	64
fc71	1472	64	64	64
fc72	1536	64	64	64
fc73	1600	64	64	64
fc74	1664	64	64	64
fc75	1728	64	64	64
fc76	1792	64	64	64
fc77	1856	64	64	64
fc78	1920	64	64	64
fc79	1984	64	64	64
fc80	2048	64	64	64
fc81	2112	64	64	64
fc82	2176	64	64	64
fc83	2240	64	64	64
fc84	2304	64	64	64
fc85	2368	64	64	64
fc86	2432	64	64	64
fc87	2496	64	64	64
fc88	2560	64	64	64
fc89	2624	64	64	64
fc90	2688	64	64	64
fc91	2752	64	64	64
fc92	2816	64	64	64
fc93	2880	64	64	64
fc94	2944	64	64	64
fc95	0	128	64	64
fc96	64	128	64	64
fc97	128	128	64	64
fc98	192	128	64	64
fc99	256	128	64	64
fc100	320	128	64	64
fc101	384	128	64	64
fc102	448	128	64	64
fc103	512	128	64	64
fc104	576	128	64	64
fc105	640	128	64	64
fc106	704	128	64	64
fc107	768	128	64	64
fc108	832	128	64	64
fc109	896	128	64	64
fc110	960	128	64	64
fc111	1024	128	64	64
fc112	1088	128	64	64
fc113	1152	128	64	64
fc114	1216	128	64	64
fc115	1280	128	64	64
fc116	1344	128	64	64
fc117	1408	128	64	64
fc118	1472	128	64	64
fc119	1536	128	64	64
fc120	1600	128	64	64
fc121	1664	128	64	64
fc122	1728	128	64	64
fc123	1792	128	64	64
fc124	1856	128	64	64
fc125	1920	128	64	64
fc126	1984	128	64	64
fc127	2048	128	64	64
fc128	2112	128	64	64
fc129	2176	128	64	64
fc130	2240	128	64	64
fc131	2304	128	64	64
fc132	2368	128	64	64
fc133	2432	128	64	64
fc134	2496	128	64	64
fc135	2560	128	64	64
fc136	2624	128	64	64
fc137	2688	128	64	64
fc138	2752	128	64	64
fc139	2816	128	64	64
fc140	2880	128	64	64
fc141	2944	128	64	64
fc142	0	192	64	64
fc143	64	192	64	64
fc144	128	192	64	64
fc145	192	192	64	64
fc146	256	192	64	64
fc147	320	192	64	64
fc148	384	192	64	64
fc149	448	192	64	64
fc150	512	192	64	64
fc151	576	192	64	64
fc152	640	192	64	64
fc153	704	192	64	64
fc154	768	192	64	64
fc155	832	192	64	64
fc156	896	192	64	64
fc157	960	192	64	64
fc158	1024	192	64	64
fc159	1088	192	64	64
fc160	1152	192	64	64
fc161	1216	192	64	64
fc162	1280	192	64	64
fc163	1344	192	64	64
fc164	1408	192	64	64
fc165	1472	192	64	64
fc166	1536	192	64	64
fc167	1600	192	64	64
fc168	1664	192	64	64
fc169	1728	192	64	64
fc170	1792	192	64	64
fc171	1856	192	64	64
fc172	1920	192	64	64
fc173	1984	192	64	64
fc174	2048	192	64	64
fc175	2112	192	64	64
fc176	2176	192	64	64
fc177	2240	192	64	64
fc178	2304	192	64	64
fc179	2368	192	64	64
fc180	2432	192	64	64
fc181	2496	192	64	64
fc182	2560	192	64	64
fc183	2624	192	64	64
fc184	2688	192	64	64
fc185	2752	192	64	64
fc186	2816	192	64	64
fc187	2880	192	64	64
fc188	2944	192	64	64
fc189	0	256	64	64
fc190	64	256	64	64
fc191	128	256	64	64
fc192	192	256	64	64
fc193	256	256	64	64
fc194	320	256	64	64
fc195	384	256	64	64
fc196	448	256	64	64
fc197	512	256	64	64
fc198	576	256	64	64
fc199	640	256	64	64
fc200	704	256	64	64
fc201	768	256	64	64
fc202	832	256	64	64
fc203	896	256	64	64
fc204	960	256	64	64
fc205	1024	256	64	64
fc206	1088	256	64	64
fc207	1152	256	64	64
fc208	1216	256	64	64
fc209	1280	256	64	64
fc210	1344	256	64	64
fc211	1408	256	64	64
fc212	1472	256	64	64
fc213	1536	256	64	64
fc214	1600	256	64	64
fc215	1664	256	64	64
fc216	1728	256	64	64
fc217	1792	256	64	64
fc218	1856	256	64	64
fc219	1920	256	64	64
fc220	1984	256	64	64
fc221	2048	256	64	64
fc222	2112	256	64	64
fc223	2176	256	64	64
fc224	2240	256	64	64
fc225	2304	256	64	64
fc226	2368	256	64	64
fc227	2432	256	64	64
fc228	2496	256	64	64
fc229	2560	256	64	64
fc230	2624	256	64	64
fc231	2688	256	64	64
fc232	2752	256	64	64
fc233	2816	256	64	64
fc234	2880	256	64	64
fc235	2944	256	64	64
fc236	0	320	64	64
fc237	64	320	64	64
fc238	128	320	64	64
fc239	192	320	64	64
fc240	256	320	64	64
fc241	320	320	64	64
fc242	384	320	64	64
fc243	448	320	64	64
fc244	512	320	64	64
fc245	576	320	64	64
fc246	640	320	64	64
fc247	704	320	64	64
fc248	768	320	64	64
fc249	832	320	64	64
fc250	896	320	64	64
fc251	960	320	64	64
fc252	1024	320	64	64
fc253	1088	320	64	64
fc254	1152	320	64	64
fc255	1216	320	64	64
fc256	1280	320	64	64
fc257	1344	320	64	64
fc258	1408	320	64	64
fc259	1472	320	64	64
fc260	1536	320	64	64
fc261	1600	320	64	64
fc262	1664	320	64	64
fc263	1728	320	64	64
fc264	1792	320	64	64
fc265	1856	320	64	64
fc266	1920	320	64	64
fc267	1984	320	64	64
fc268	2048	320	64	64
fc269	2112	320	64	64
fc270	2176	320	64	64
fc271	2240	320	64	64
fc272	2304	320	64	64
fc273	2368	320	64	64
fc274	2432	320	64	64
fc275	2496	320	64	64
fc276	2560	320	64	64
fc277	2624	320	64	64
fc278	2688	320	64	64
fc279	2752	320	64	64
fc280	2816	320	64	64
fc281	2880	320	64	64
fc282	2944	320	64	64
fc283	0	384	64	64
fc284	64	384	64	64
fc285	128	384	64	64
fc286	192	384	64	64
fc287	256	384	64	64
fc288	320	384	64	64
fc289	384	384	64	64
fc290	448	384	64	64
fc291	512	384	64	64
fc292	576	384	64	64
fc293	640	384	64	64
fc294	704	384	64	64
fc295	768	384	64	64
fc296	832	384	64	64
fc297	896	384	64	64
fc298	960	384	64	64
fc299	1024	384	64	64
fc300	1088	384	64	64
fc301	1152	384	64	64
fc302	1216	384	64	64
fc303	1280	384	64	64
fc304	1344	384	64	64
fc305	1408	384	64	64
fc306	1472	384	64	64
fc307	1536	384	64	64
fc308	1600	384	64	64
fc309	1664	384	64	64
fc310	1728	384	64	64
fc311	1792	384	64	64
fc312	1856	384	64	64
fc313	1920	384	64	64
fc314	1984	384	64	64
fc315	2048	384	64	64
fc316	2112	384	64	64
fc317	2176	384	64	64
fc318	2240	384	64	64
fc319	2304	384	64	64
fc320	2368	384	64	64
fc321	2432	384	64	64
fc322	2496	384	64	64
fc323	2560	384	64	64
fc324	2624	384	64	64
fc325	2688	384	64	64
fc326	2752	384	64	64
fc327	2816	384	64	64
fc328	2880	384	64	64
fc329	2944	384	64	64
fc330	0	448	64	64
fc331	64	448	64	64
fc332	128	448	64	64
fc333	192	448	64	64
fc334	256	448	64	64
fc335	320	448	64	64
fc336	384	448	64	64
fc337	448	448	64	64
fc338	512	448	64	64
fc339	576	448	64	64
fc340	640	448	64	64
fc341	704	448	64	64
fc342	768	448	64	64
fc343	832	448	64	64
fc344	896	448	64	64
fc345	960	448	64	64
fc346	1024	448	64	64
fc347	1088	448	64	64
fc348	1152	448	64	64
fc349	1216	448	64	64
fc350	1280	448	64	64
fc351	1344	448	64	64
fc352	1408	448	64	64
fc353	1472	448	64	64
fc354	1536	448	64	64
fc355	1600	448	64	64
fc356	1664	448	64	64
fc357	1728	448	64	64
fc358	1792	448	64	64
fc359	1856	448	64	64
fc360	1920	448	64	64
fc361	1984	448	64	64
fc362	2048	448	64	64
fc363	2112	448	64	64
fc364	2176	448	64	64
fc365	2240	448	64	64
fc366	2304	448	64	64
fc367	2368	448	64	64
fc368	2432	448	64	64
fc369	2496	448	64	64
fc370	2560	448	64	64
fc371	2624	448	64	64
fc372	2688	448	64	64
fc373	2752	448	64	64
fc374	2816	448	64	64
fc375	2880	448	64	64
fc376	2944	448	64	64
fc377	0	512	64	64
fc378	64	512	64	64
fc379	128	512	64	64
fc380	192	512	64	64
fc381	256	512	64	64
fc382	320	512	64	64
fc383	384	512	64	64
fc384	448	512	64	64
fc385	512	512	64	64
fc386	576	512	64	64
fc387	640	512	64	64
fc388	704	512	64	64
fc389	768	512	64	64
fc390	832	512	64	64
fc391	896	512	64	64
fc392	960	512	64	64
fc393	1024	512	64	64
fc394	1088	512	64	64
fc395	1152	512	64	64
fc396	1216	512	64	64
fc397	1280	512	64	64
fc398	1344	512	64	64
fc399	1408	512	64	64
fc400	1472	512	64	64
fc401	1536	512	64	64
fc402	1600	512	64	64
fc403	1664	512	64	64
fc404	1728	512	64	64
fc405	1792	512	64	64
fc406	1856	512	64	64
fc407	1920	512	64	64
fc408	1984	512	64	64
fc409	2048	512	64	64
fc410	2112	512	64	64
fc411	2176	512	64	64
fc412	2240	512	64	64
fc413	2304	512	64	64
fc414	2368	512	64	64
fc415	2432	512	64	64
fc416	2496	512	64	64
fc417	2560	512	64	64
fc418	2624	512	64	64
fc419	2688	512	64	64
fc420	2752	512	64	64
fc421	2816	512	64	64
fc422	2880	512	64	64
fc423	2944	512	64	64
fc424	0	576	64	64
fc425	64	576	64	64
fc426	128	576	64	64
fc427	192	576	64	64
fc428	256	576	64	64
fc429	320	576	64	64
fc430	384	576	64	64
fc431	448	576	64	64
fc432	512	576	64	64
fc433	576	576	64	64
fc434	640	576	64	64
fc435	704	576	64	64
fc436	768	576	64	64
fc437	832	576	64	64
fc438	896	576	64	64
fc439	960	576	64	64
fc440	1024	576	64	64
fc441	1088	576	64	64
fc442	1152	576	64	64
fc443	1216	576	64	64
fc444	1280	576	64	64
fc445	1344	576	64	64
fc446	1408	576	64	64
fc447	1472	576	64	64
fc448	1536	576	64	64
fc449	1600	576	64	64
fc450	1664	576	64	64
fc451	1728	576	64	64
fc452	1792	576	64	64
fc453	1856	576	64	64
fc454	1920	576	64	64
fc455	1984	576	64	64
fc456	2048	576	64	64
fc457	2112	576	64	64
fc458	2176	576	64	64
fc459	2240	576	64	64
fc460	2304	576	64	64
fc461	2368	576	64	64
fc462	2432	576	64	64
fc463	2496	576	64	64
fc464	2560	576	64	64
fc465	2624	576	64	64
fc466	2688	576	64	64
fc467	2752	576	64	64
fc468	2816	576	64	64
fc469	2880	576	64	64
fc470	2944	576	64	64
fc471	0	640	64	64
fc472	64	640	64	64
fc473	128	640	64	64
fc474	192	640	64	64
fc475	256	640	64	64
fc476	320	640	64	64
fc477	384	640	64	64
fc478	448	640	64	64
fc479	512	640	64	64
fc480	576	640	64	64
fc481	640	640	64	64
fc482	704	640	64	64
fc483	768	640	64	64
fc484	832	640	64	64
fc485	896	640	64	64
fc486	960	640	64	64
fc487	1024	640	64	64
fc488	1088	640	64	64
fc489	1152	640	64	64
fc490	1216	640	64	64
fc491	1280	640	64	64
fc492	1344	640	64	64
fc493	1408	640	64	64
fc494	1472	640	64	64
fc495	1536	640	64	64
fc496	1600	640	64	64
fc497	1664	640	64	64
fc498	1728	640	64	64
fc499	1792	640	64	64
fc500	1856	640	64	64
fc501	1920	640	64	64
fc502	1984	640	64	64
fc503	2048	640	64	64
fc504	2112	640	64	64
fc505	2176	640	64	64
fc506	2240	640	64	64
fc507	2304	640	64	64
fc508	2368	640	64	64
fc509	2432	640	64	64
fc510	2496	640	64	64
fc511	2560	640	64	64
fc512	2624	640	64	64
fc513	2688	640	64	64
fc514	2752	640	64	64
fc515	2816	640	64	64
fc516	2880	640	64	64
fc517	2944	640	64	64
fc518	0	704	64	64
fc519	64	704	64	64
fc520	128	704	64	64
fc521	192	704	64	64
fc522	256	704	64	64
fc523	320	704	64	64
fc524	384	704	64	64
fc525	448	704	64	64
fc526	512	704	64	64
fc527	576	704	64	64
fc528	640	704	64	64
fc529	704	704	64	64
fc530	768	704	64	64
fc531	832	704	64	64
fc532	896	704	64	64
fc533	960	704	64	64
fc534	1024	704	64	64
fc535	1088	704	64	64
fc536	1152	704	64	64
fc537	1216	704	64	64
fc538	1280	704	64	64
fc539	1344	704	64	64
fc540	1408	704	64	64
fc541	1472	704	64	64
fc542	1536	704	64	64
fc543	1600	704	64	64
fc544	1664	704	64	64
fc545	1728	704	64	64
fc546	1792	704	64	64
fc547	1856	704	64	64
fc548	1920	704	64	64
fc549	1984	704	64	64
fc550	2048	704	64	64
fc551	2112	704	64	64
fc552	2176	704	64	64
fc553	2240	704	64	64
fc554	2304	704	64	64
fc555	2368	704	64	64
fc556	2432	704	64	64
fc557	2496	704	64	64
fc558	2560	704	64	64
fc559	2624	704	64	64
fc560	2688	704	64	64
fc561	2752	704	64	64
fc562	2816	704	64	64
fc563	2880	704	64	64
fc564	2944	704	64	64
fc565	0	768	64	64
fc566	64	768	64	64
fc567	128	768	64	64
fc568	192	768	64	64
fc569	256	768	64	64
fc570	320	768	64	64
fc571	384	768	64	64
fc572	448	768	64	64
fc573	512	768	64	64
fc574	576	768	64	64
fc575	640	768	64	64
fc576	704	768	64	64
fc577	768	768	64	64
fc578	832	768	64	64
fc579	896	768	64	64
fc580	960	768	64	64
fc581	1024	768	64	64
fc582	1088	768	64	64
fc583	1152	768	64	64
fc584	1216	768	64	64
fc585	1280	768	64	64
fc586	1344	768	64	64
fc587	1408	768	64	64
fc588	1472	768	64	64
fc589	1536	768	64	64
fc590	1600	768	64	64
fc591	1664	768	64	64
fc592	1728	768	64	64
fc593	1792	768	64	64
fc594	1856	768	64	64
fc595	1920	768	64	64
fc596	1984	768	64	64
fc597	2048	768	64	64
fc598	2112	768	64	64
fc599	2176	768	64	64
fc600	2240	768	64	64
fc601	2304	768	64	64
fc602	2368	768	64	64
fc603	2432	768	64	64
fc604	2496	768	64	64
fc605	2560	768	64	64
fc606	2624	768	64	64
fc607	2688	768	64	64
fc608	2752	768	64	64
fc609	2816	768	64	64
fc610	2880	768	64	64
fc611	2944	768	64	64
fc612	0	832	64	64
fc613	64	832	64	64
fc614	128	832	64	64
fc615	192	832	64	64
fc616	256	832	64	64
fc617	320	832	64	64
fc618	384	832	64	64
fc619	448	832	64	64
fc620	512	832	64	64
fc621	576	832	64	64
fc622	640	832	64	64
fc623	704	832	64	64
fc624	768	832	64	64
fc625	832	832	64	64
fc626	896	832	64	64
fc627	960	832	64	64
fc628	1024	832	64	64
fc629	1088	832	64	64
fc630	1152	832	64	64
fc631	1216	832	64	64
fc632	1280	832	64	64
fc633	1344	832	64	64
fc634	1408	832	64	64
fc635	1472	832	64	64
fc636	1536	832	64	64
fc637	1600	832	64	64
fc638	1664	832	64	64
fc639	1728	832	64	64
fc640	1792	832	64	64
fc641	1856	832	64	64
fc642	1920	832	64	64
fc643	1984	832	64	64
fc644	2048	832	64	64
fc645	2112	832	64	64
fc646	2176	832	64	64
fc647	2240	832	64	64
fc648	2304	832	64	64
fc649	2368	832	64	64
fc650	2432	832	64	64
fc651	2496	832	64	64
fc652	2560	832	64	64
fc653	2624	832	64	64
fc654	2688	832	64	64
fc655	2752	832	64	64
fc656	2816	832	64	64
fc657	2880	832	64	64
fc658	2944	832	64	64
fc659	0	896	64	64
fc660	64	896	64	64
fc661	128	896	64	64
fc662	192	896	64	64
fc663	256	896	64	64
fc664	320	896	64	64
fc665	384	896	64	64
fc666	448	896	64	64
fc667	512	896	64	64
fc668	576	896	64	64
fc669	640	896	64	64
fc670	704	896	64	64
fc671	768	896	64	64
fc672	832	896	64	64
fc673	896	896	64	64
fc674	960	896	64	64
fc675	1024	896	64	64
fc676	1088	896	64	64
fc677	1152	896	64	64
fc678	1216	896	64	64
fc679	1280	896	64	64
fc680	1344	896	64	64
fc681	1408	896	64	64
fc682	1472	896	64	64
fc683	1536	896	64	64
fc684	1600	896	64	64
fc685	1664	896	64	64
fc686	1728	896	64	64
fc687	1792	896	64	64
fc688	1856	896	64	64
fc689	1920	896	64	64
fc690	1984	896	64	64
fc691	2048	896	64	64
fc692	2112	896	64	64
fc693	2176	896	64	64
fc694	2240	896	64	64
fc695	2304	896	64	64
fc696	2368	896	64	64
fc697	2432	896	64	64
fc698	2496	896	64	64
fc699	2560	896	64	64
fc700	2624	896	64	64
fc701	2688	896	64	64
fc702	2752	896	64	64
fc703	2816	896	64	64
fc704	2880	896	64	64
fc705	2944	896	64	64
fc706	0	960	64	64
fc707	64	960	64	64
fc708	128	960	64	64
fc709	192	960	64	64
fc710	256	960	64	64
fc711	320	960	64	64
fc712	384	960	64	64
fc713	448	960	64	64
fc714	512	960	64	64
fc715	576	960	64	64
fc716	640	960	64	64
fc717	704	960	64	64
fc718	768	960	64	64
fc719	832	960	64	64
fc720	896	960	64	64
fc721	960	960	64	64
fc722	1024	960	64	64
fc723	1088	960	64	64
fc724	1152	960	64	64
fc725	1216	960	64	64
fc726	1280	960	64	64
fc727	1344	960	64	64
fc728	1408	960	64	64
fc729	1472	960	64	64
fc730	1536	960	64	64
fc731	1600	960	64	64
fc732	1664	960	64	64
fc733	1728	960	64	64
fc734	1792	960	64	64
fc735	1856	960	64	64
fc736	1920	960	64	64
fc737	1984	960	64	64
fc738	2048	960	64	64
fc739	2112	960	64	64
fc740	2176	960	64	64
fc741	2240	960	64	64
fc742	2304	960	64	64
fc743	2368	960	64	64
fc744	2432	960	64	64
fc745	2496	960	64	64
fc746	2560	960	64	64
fc747	2624	960	64	64
fc748	2688	960	64	64
fc749	2752	960	64	64
fc750	2816	960	64	64
fc751	2880	960	64	64
fc752	2944	960	64	64
fc753	0	1024	64	64
fc754	64	1024	64	64
fc755	128	1024	64	64
fc756	192	1024	64	64
fc757	256	1024	64	64
fc758	320	1024	64	64
fc759	384	1024	64	64
fc760	448	1024	64	64
fc761	512	1024	64	64
fc762	576	1024	64	64
fc763	640	1024	64	64
fc764	704	1024	64	64
fc765	768	1024	64	64
fc766	832	1024	64	64
fc767	896	1024	64	64
fc768	960	1024	64	64
fc769	1024	1024	64	64
fc770	1088	1024	64	64
fc771	1152	1024	64	64
fc772	1216	1024	64	64
fc773	1280	1024	64	64
fc774	1344	1024	64	64
fc775	1408	1024	64	64
fc776	1472	1024	64	64
fc777	1536	1024	64	64
fc778	1600	1024	64	64
fc779	1664	1024	64	64
fc780	1728	1024	64	64
fc781	1792	1024	64	64
fc782	1856	1024	64	64
fc783	1920	1024	64	64
fc784	1984	1024	64	64
fc785	2048	1024	64	64
fc786	2112	1024	64	64
fc787	2176	1024	64	64
fc788	2240	1024	64	64
fc789	2304	1024	64	64
fc790	2368	1024	64	64
fc791	2432	1024	64	64
fc792	2496	1024	64	64
fc793	2560	1024	64	64
fc794	2624	1024	64	64
fc795	2688	1024	64	64
fc796	2752	1024	64	64
fc797	2816	1024	64	64
fc798	2880	1024	64	64
fc799	2944	1024	64	64
fc800	0	1088	64	64
fc801	64	1088	64	64
fc802	128	1088	64	64
fc803	192	1088	64	64
fc804	256	1088	64	64
fc805	320	1088	64	64
fc806	384	1088	64	64
fc807	448	1088	64	64
fc808	512	1088	64	64
fc809	576	1088	64	64
fc810	640	1088	64	64
fc811	704	1088	64	64
fc812	768	1088	64	64
fc813	832	1088	64	64
fc814	896	1088	64	64
fc815	960	1088	64	64
fc816	1024	1088	64	64
fc817	1088	1088	64	64
fc818	1152	1088	64	64
fc819	1216	1088	64	64
fc820	1280	1088	64	64
fc821	1344	1088	64	64
fc822	1408	1088	64	64
fc823	1472	1088	64	64
fc824	1536	1088	64	64
fc825	1600	1088	64	64
fc826	1664	1088	64	64
fc827	1728	1088	64	64
fc828	1792	1088	64	64
fc829	1856	1088	64	64
fc830	1920	1088	64	64
fc831	1984	1088	64	64
fc832	2048	1088	64	64
fc833	2112	1088	64	64
fc834	2176	1088	64	64
fc835	2240	1088	64	64
fc836	2304	1088	64	64
fc837	2368	1088	64	64
fc838	2432	1088	64	64
fc839	2496	1088	64	64
fc840	2560	1088	64	64
fc841	2624	1088	64	64
fc842	2688	1088	64	64
fc843	2752	1088	64	64
fc844	2816	1088	64	64
fc845	2880	1088	64	64
fc846	2944	1088	64	64
fc847	0	1152	64	64
fc848	64	1152	64	64
fc849	128	1152	64	64
fc850	192	1152	64	64
fc851	256	1152	64	64
fc852	320	1152	64	64
fc853	384	1152	64	64
fc854	448	1152	64	64
fc855	512	1152	64	64
fc856	576	1152	64	64
fc857	640	1152	64	64
fc858	704	1152	64	64
fc859	768	1152	64	64
fc860	832	1152	64	64
fc861	896	1152	64	64
fc862	960	1152	64	64
fc863	1024	1152	64	64
fc864	1088	1152	64	64
fc865	1152	1152	64	64
fc866	1216	1152	64	64
fc867	1280	1152	64	64
fc868	1344	1152	64	64
fc869	1408	1152	64	64
fc870	1472	1152	64	64
fc871	1536	1152	64	64
fc872	1600	1152	64	64
fc873	1664	1152	64	64
fc874	1728	1152	64	64
fc875	1792	1152	64	64
fc876	1856	1152	64	64
fc877	1920	1152	64	64
fc878	1984	1152	64	64
fc879	2048	1152	64	64
fc880	2112	1152	64	64
fc881	2176	1152	64	64
fc882	2240	1152	64	64
fc883	2304	1152	64	64
fc884	2368	1152	64	64
fc885	2432	1152	64	64
fc886	2496	1152	64	64
fc887	2560	1152	64	64
fc888	2624	1152	64	64
fc889	2688	1152	64	64
fc890	2752	1152	64	64
fc891	2816	1152	64	64
fc892	2880	1152	64	64
fc893	2944	1152	64	64
fc894	0	1216	64	64
fc895	64	1216	64	64
fc896	128	1216	64	64
fc897	192	1216	64	64
fc898	256	1216	64	64
fc899	320	1216	64	64
fc900	384	1216	64	64
fc901	448	1216	64	64
fc902	512	1216	64	64
fc903	576	1216	64	64
fc904	640	1216	64	64
fc905	704	1216	64	64
fc906	768	1216	64	64
fc907	832	1216	64	64
fc908	896	1216	64	64
fc909	960	1216	64	64
fc910	1024	1216	64	64
fc911	1088	1216	64	64
fc912	1152	1216	64	64
fc913	1216	1216	64	64
fc914	1280	1216	64	64
fc915	1344	1216	64	64
fc916	1408	1216	64	64
fc917	1472	1216	64	64
fc918	1536	1216	64	64
fc919	1600	1216	64	64
fc920	1664	1216	64	64
fc921	1728	1216	64	64
fc922	1792	1216	64	64
fc923	1856	1216	64	64
fc924	1920	1216	64	64
fc925	1984	1216	64	64
fc926	2048	1216	64	64
fc927	2112	1216	64	64
fc928	2176	1216	64	64
fc929	2240	1216	64	64
fc930	2304	1216	64	64
fc931	2368	1216	64	64
fc932	2432	1216	64	64
fc933	2496	1216	64	64
fc934	2560	1216	64	64
fc935	2624	1216	64	64
fc936	2688	1216	64	64
fc937	2752	1216	64	64
fc938	2816	1216	64	64
fc939	2880	1216	64	64
fc940	2944	1216	64	64
fc941	0	1280	64	64
fc942	64	1280	64	64
fc943	128	1280	64	64
fc944	192	1280	64	64
fc945	256	1280	64	64
fc946	320	1280	64	64
fc947	384	1280	64	64
fc948	448	1280	64	64
fc949	512	1280	64	64
fc950	576	1280	64	64
fc951	640	1280	64	64
fc952	704	1280	64	64
fc953	768	1280	64	64
fc954	832	1280	64	64
fc955	896	1280	64	64
fc956	960	1280	64	64
fc957	1024	1280	64	64
fc958	1088	1280	64	64
fc959	1152	1280	64	64
fc960	1216	1280	64	64
fc961	1280	1280	64	64
fc962	1344	1280	64	64
fc963	1408	1280	64	64
fc964	1472	1280	64	64
fc965	1536	1280	64	64
fc966	1600	1280	64	64
fc967	1664	1280	64	64
fc968	1728	1280	64	64
fc969	1792	1280	64	64
fc970	1856	1280	64	64
fc971	1920	1280	64	64
fc972	1984	1280	64	64
fc973	2048	1280	64	64
fc974	2112	1280	64	64
fc975	2176	1280	64	64
fc976	2240	1280	64	64
fc977	2304	1280	64	64
fc978	2368	1280	64	64
fc979	2432	1280	64	64
fc980	2496	1280	64	64
fc981	2560	1280	64	64
fc982	2624	1280	64	64
fc983	2688	1280	64	64
fc984	2752	1280	64	64
fc985	2816	1280	64	64
fc986	2880	1280	64	64
fc987	2944	1280	64	64
fc988	0	1344	64	64
fc989	64	1344	64	64
fc990	128	1344	64	64
fc991	192	1344	64	64
fc992	256	1344	64	64
fc993	320	1344	64	64
fc994	384	1344	64	64
fc995	448	1344	64	64
fc996	512	1344	64	64
fc997	576	1344	64	64
fc998	640	1344	64	64
fc999	704	1344	64	64
fc1000	768	1344	64	64
fc1001	832	1344	64	64
fc1002	896	1344	64	64
fc1003	960	1344	64	64
fc1004	1024	1344	64	64
fc1005	1088	1344	64	64
fc1006	1152	1344	64	64
fc1007	1216	1344	64	64
fc1008	1280	1344	64	64
fc1009	1344	1344	64	64
fc1010	1408	1344	64	64
fc1011	1472	1344	64	64
fc1012	1536	1344	64	64
fc1013	1600	1344	64	64
fc1014	1664	1344	64	64
fc1015	1728	1344	64	64
fc1016	1792	1344	64	64
fc1017	1856	1344	64	64
fc1018	1920	1344	64	64
fc1019	1984	1344	64	64
fc1020	2048	1344	64	64
fc1021	2112	1344	64	64
fc1022	2176	1344	64	64
fc1023	2240	1344	64	64
fc1024	2304	1344	64	64
fc1025	2368	1344	64	64
fc1026	2432	1344	64	64
fc1027	2496	1344	64	64
fc1028	2560	1344	64	64
fc1029	2624	1344	64	64
fc1030	2688	1344	64	64
fc1031	2752	1344	64	64
fc1032	2816	1344	64	64
fc1033	2880	1344	64	64
fc1034	2944	1344	64	64
fc1035	0	1408	64	64
fc1036	64	1408	64	64
fc1037	128	1408	64	64
fc1038	192	1408	64	64
fc1039	256	1408	64	64
fc1040	320	1408	64	64
fc1041	384	1408	64	64
fc1042	448	1408	64	64
fc1043	512	1408	64	64
fc1044	576	1408	64	64
fc1045	640	1408	64	64
fc1046	704	1408	64	64
fc1047	768	1408	64	64
fc1048	832	1408	64	64
fc1049	896	1408	64	64
fc1050	960	1408	64	64
fc1051	1024	1408	64	64
fc1052	1088	1408	64	64
fc1053	1152	1408	64	64
fc1054	1216	1408	64	64
fc1055	1280	1408	64	64
fc1056	1344	1408	64	64
fc1057	1408	1408	64	64
fc1058	1472	1408	64	64
fc1059	1536	1408	64	64
fc1060	1600	1408	64	64
fc1061	1664	1408	64	64
fc1062	1728	1408	64	64
fc1063	1792	1408	64	64
fc1064	1856	1408	64	64
fc1065	1920	1408	64	64
fc1066	1984	1408	64	64
fc1067	2048	1408	64	64
fc1068	2112	1408	64	64
fc1069	2176	1408	64	64
fc1070	2240	1408	64	64
fc1071	2304	1408	64	64
fc1072	2368	1408	64	64
fc1073	2432	1408	64	64
fc1074	2496	1408	64	64
fc1075	2560	1408	64	64
fc1076	2624	1408	64	64
fc1077	2688	1408	64	64
fc1078	2752	1408	64	64
fc1079	2816	1408	64	64
fc1080	2880	1408	64	64
fc1081	2944	1408	64	64
fc1082	0	1472	64	64
fc1083	64	1472	64	64
fc1084	128	1472	64	64
fc1085	192	1472	64	64
fc1086	256	1472	64	64
fc1087	320	1472	64	64
fc1088	384	1472	64	64
fc1089	448	1472	64	64
fc1090	512	1472	64	64
fc1091	576	1472	64	64
fc1092	640	1472	64	64
fc1093	704	1472	64	64
fc1094	768	1472	64	64
fc1095	832	1472	64	64
fc1096	896	1472	64	64
fc1097	960	1472	64	64
fc1098	1024	1472	64	64
fc1099	1088	1472	64	64
fc1100	1152	1472	64	64
fc1101	1216	1472	64	64
fc1102	1280	1472	64	64
fc1103	1344	1472	64	64
fc1104	1408	1472	64	64
fc1105	1472	1472	64	64
fc1106	1536	1472	64	64
fc1107	1600	1472	64	64
fc1108	1664	1472	64	64
fc1109	1728	1472	64	64
fc1110	1792	1472	64	64
fc1111	1856	1472	64	64
fc1112	1920	1472	64	64
fc1113	1984	1472	64	64
fc1114	2048	1472	64	64
fc1115	2112	1472	64	64
fc1116	2176	1472	64	64
fc1117	2240	1472	64	64
fc1118	2304	1472	64	64
fc1119	2368	1472	64	64
fc1120	2432	1472	64	64
fc1121	2496	1472	64	64
fc1122	2560	1472	64	64
fc1123	2624	1472	64	64
fc1124	2688	1472	64	64
fc1125	2752	1472	64	64
fc1126	2816	1472	64	64
fc1127	2880	1472	64	64
fc1128	2944	1472	64	64
fc1129	0	1536	64	64
fc1130	64	1536	64	64
fc1131	128	1536	64	64
fc1132	192	1536	64	64
fc1133	256	1536	64	64
fc1134	320	1536	64	64
fc1135	384	1536	64	64
fc1136	448	1536	64	64
fc1137	512	1536	64	64
fc1138	576	1536	64	64
fc1139	640	1536	64	64
fc1140	704	1536	64	64
fc1141	768	1536	64	64
fc1142	832	1536	64	64
fc1143	896	1536	64	64
fc1144	960	1536	64	64
fc1145	1024	1536	64	64
fc1146	1088	1536	64	64
fc1147	1152	1536	64	64
fc1148	1216	1536	64	64
fc1149	1280	1536	64	64
fc1150	1344	1536	64	64
fc1151	1408	1536	64	64
fc1152	1472	1536	64	64
fc1153	1536	1536	64	64
fc1154	1600	1536	64	64
fc1155	1664	1536	64	64
fc1156	1728	1536	64	64
fc1157	1792	1536	64	64
fc1158	1856	1536	64	64
fc1159	1920	1536	64	64
fc1160	1984	1536	64	64
fc1161	2048	1536	64	64
fc1162	2112	1536	64	64
fc1163	2176	1536	64	64
fc1164	2240	1536	64	64
fc1165	2304	1536	64	64
fc1166	2368	1536	64	64
fc1167	2432	1536	64	64
fc1168	2496	1536	64	64
fc1169	2560	1536	64	64
fc1170	2624	1536	64	64
fc1171	2688	1536	64	64
fc1172	2752	1536	64	64
fc1173	2816	1536	64	64
fc1174	2880	1536	64	64
fc1175	2944	1536	64	64
fc1176	0	1600	64	64
fc1177	64	1600	64	64
fc1178	128	1600	64	64
fc1179	192	1600	64	64
fc1180	256	1600	64	64
fc1181	320	1600	64	64
fc1182	384	1600	64	64
fc1183	448	1600	64	64
fc1184	512	1600	64	64
fc1185	576	1600	64	64
fc1186	640	1600	64	64
fc1187	704	1600	64	64
fc1188	768	1600	64	64
fc1189	832	1600	64	64
fc1190	896	1600	64	64
fc1191	960	1600	64	64
fc1192	1024	1600	64	64
fc1193	1088	1600	64	64
fc1194	1152	1600	64	64
fc1195	1216	1600	64	64
fc1196	1280	1600	64	64
fc1197	1344	1600	64	64
fc1198	1408	1600	64	64
fc1199	1472	1600	64	64
fc1200	1536	1600	64	64
fc1201	1600	1600	64	64
fc1202	1664	1600	64	64
fc1203	1728	1600	64	64
fc1204	1792	1600	64	64
fc1205	1856	1600	64	64
fc1206	1920	1600	64	64
fc1207	1984	1600	64	64
fc1208	2048	1600	64	64
fc1209	2112	1600	64	64
fc1210	2176	1600	64	64
fc1211	2240	1600	64	64
fc1212	2304	1600	64	64
fc1213	2368	1600	64	64
fc1214	2432	1600	64	64
fc1215	2496	1600	64	64
fc1216	2560	1600	64	64
fc1217	2624	1600	64	64
fc1218	2688	1600	64	64
fc1219	2752	1600	64	64
fc1220	2816	1600	64	64
fc1221	2880	1600	64	64
fc1222	2944	1600	64	64
fc1223	0	1664	64	64
fc1224	64	1664	64	64
fc1225	128	1664	64	64
fc1226	192	1664	64	64
fc1227	256	1664	64	64
fc1228	320	1664	64	64
fc1229	384	1664	64	64
fc1230	448	1664	64	64
fc1231	512	1664	64	64
fc1232	576	1664	64	64
fc1233	640	1664	64	64
fc1234	704	1664	64	64
fc1235	768	1664	64	64
fc1236	832	1664	64	64
fc1237	896	1664	64	64
fc1238	960	1664	64	64
fc1239	1024	1664	64	64
fc1240	1088	1664	64	64
fc1241	1152	1664	64	64
fc1242	1216	1664	64	64
fc1243	1280	1664	64	64
fc1244	1344	1664	64	64
fc1245	1408	1664	64	64
fc1246	1472	1664	64	64
fc1247	1536	1664	64	64
fc1248	1600	1664	64	64
fc1249	1664	1664	64	64
fc1250	1728	1664	64	64
fc1251	1792	1664	64	64
fc1252	1856	1664	64	64
fc1253	1920	1664	64	64
fc1254	1984	1664	64	64
fc1255	2048	1664	64	64
fc1256	2112	1664	64	64
fc1257	2176	1664	64	64
fc1258	2240	1664	64	64
fc1259	2304	1664	64	64
fc1260	2368	1664	64	64
fc1261	2432	1664	64	64
fc1262	2496	1664	64	64
fc1263	2560	1664	64	64
fc1264	2624	1664	64	64
fc1265	2688	1664	64	64
fc1266	2752	1664	64	64
fc1267	2816	1664	64	64
fc1268	2880	1664	64	64
fc1269	2944	1664	64	64
fc1270	0	1728	64	64
fc1271	64	1728	64	64
fc1272	128	1728	64	64
fc1273	192	1728	64	64
fc1274	256	1728	64	64
fc1275	320	1728	64	64
fc1276	384	1728	64	64
fc1277	448	1728	64	64
fc1278	512	1728	64	64
fc1279	576	1728	64	64
fc1280	640	1728	64	64
fc1281	704	1728	64	64
fc1282	768	1728	64	64
fc1283	832	1728	64	64
fc1284	896	1728	64	64
fc1285	960	1728	64	64
fc1286	1024	1728	64	64
fc1287	1088	1728	64	64
fc1288	1152	1728	64	64
fc1289	1216	1728	64	64
fc1290	1280	1728	64	64
fc1291	1344	1728	64	64
fc1292	1408	1728	64	64
fc1293	1472	1728	64	64
fc1294	1536	1728	64	64
fc1295	1600	1728	64	64
fc1296	1664	1728	64	64
fc1297	1728	1728	64	64
fc1298	1792	1728	64	64
fc1299	1856	1728	64	64
fc1300	1920	1728	64	64
fc1301	1984	1728	64	64
fc1302	2048	1728	64	64
fc1303	2112	1728	64	64
fc1304	2176	1728	64	64
fc1305	2240	1728	64	64
fc1306	2304	1728	64	64
fc1307	2368	1728	64	64
fc1308	2432	1728	64	64
fc1309	2496	1728	64	64
fc1310	2560	1728	64	64
fc1311	2624	1728	64	64
fc1312	2688	1728	64	64
fc1313	2752	1728	64	64
fc1314	2816	1728	64	64
fc1315	2880	1728	64	64
fc1316	2944	1728	64	64
fc1317	0	1792	64	64
fc1318	64	1792	64	64
fc1319	128	1792	64	64
fc1320	192	1792	64	64
fc1321	256	1792	64	64
fc1322	320	1792	64	64
fc1323	384	1792	64	64
fc1324	448	1792	64	64
fc1325	512	1792	64	64
fc1326	576	1792	64	64
fc1327	640	1792	64	64
fc1328	704	1792	64	64
fc1329	768	1792	64	64
fc1330	832	1792	64	64
fc1331	896	1792	64	64
fc1332	960	1792	64	64
fc1333	1024	1792	64	64
fc1334	1088	1792	64	64
fc1335	1152	1792	64	64
fc1336	1216	1792	64	64
fc1337	1280	1792	64	64
fc1338	1344	1792	64	64
fc1339	1408	1792	64	64
fc1340	1472	1792	64	64
fc1341	1536	1792	64	64
fc1342	1600	1792	64	64
fc1343	1664	1792	64	64
fc1344	1728	1792	64	64
fc1345	1792	1792	64	64
fc1346	1856	1792	64	64
fc1347	1920	1792	64	64
fc1348	1984	1792	64	64
fc1349	2048	1792	64	64
fc1350	2112	1792	64	64
fc1351	2176	1792	64	64
fc1352	2240	1792	64	64
fc1353	2304	1792	64	64
fc1354	2368	1792	64	64
fc1355	2432	1792	64	64
fc1356	2496	1792	64	64
fc1357	2560	1792	64	64
fc1358	2624	1792	64	64
fc1359	2688	1792	64	64
fc1360	2752	1792	64	64
fc1361	2816	1792	64	64
fc1362	2880	1792	64	64
fc1363	2944	1792	64	64
fc1364	0	1856	64	64
fc1365	64	1856	64	64
fc1366	128	1856	64	64
fc1367	192	1856	64	64
fc1368	256	1856	64	64
fc1369	320	1856	64	64
fc1370	384	1856	64	64
fc1371	448	1856	64	64
fc1372	512	1856	64	64
fc1373	576	1856	64	64
fc1374	640	1856	64	64
fc1375	704	1856	64	64
fc1376	768	1856	64	64
fc1377	832	1856	64	64
fc1378	896	1856	64	64
fc1379	960	1856	64	64
fc1380	1024	1856	64	64
fc1381	1088	1856	64	64
fc1382	1152	1856	64	64
fc1383	1216	1856	64	64
fc1384	1280	1856	64	64
fc1385	1344	1856	64	64
fc1386	1408	1856	64	64
fc1387	1472	1856	64	64
fc1388	1536	1856	64	64
fc1389	1600	1856	64	64
fc1390	1664	1856	64	64
fc1391	1728	1856	64	64
fc1392	1792	1856	64	64
fc1393	1856	1856	64	64
fc1394	1920	1856	64	64
fc1395	1984	1856	64	64
fc1396	2048	1856	64	64
fc1397	2112	1856	64	64
fc1398	2176	1856	64	64
fc1399	2240	1856	64	64
fc1400	2304	1856	64	64
fc1401	2368	1856	64	64
fc1402	2432	1856	64	64
fc1403	2496	1856	64	64
fc1404	2560	1856	64	64
fc1405	2624	1856	64	64
fc1406	2688	1856	64	64
fc1407	2752	1856	64	64
fc1408	2816	1856	64	64
fc1409	2880	1856	64	64
fc1410	2944	1856	64	64
fc1411	0	1920	64	64
fc1412	64	1920	64	64
fc1413	128	1920	64	64
fc1414	192	1920	64	64
fc1415	256	1920	64	64
fc1416	320	1920	64	64
fc1417	384	1920	64	64
fc1418	448	1920	64	64
fc1419	512	1920	64	64
fc1420	576	1920	64	64
fc1421	640	1920	64	64
fc1422	704	1920	64	64
fc1423	768	1920	64	64
fc1424	832	1920	64	64
fc1425	896	1920	64	64
fc1426	960	1920	64	64
fc1427	1024	1920	64	64
fc1428	1088	1920	64	64
fc1429	1152	1920	64	64
fc1430	1216	1920	64	64
fc1431	1280	1920	64	64
fc1432	1344	1920	64	64
fc1433	1408	1920	64	64
fc1434	1472	1920	64	64
fc1435	1536	1920	64	64
fc1436	1600	1920	64	64
fc1437	1664	1920	64	64
fc1438	1728	1920	64	64
fc1439	1792	1920	64	64
fc1440	1856	1920	64	64
fc1441	1920	1920	64	64
fc1442	1984	1920	64	64
fc1443	2048	1920	64	64
fc1444	2112	1920	64	64
fc1445	2176	1920	64	64
fc1446	2240	1920	64	64
fc1447	2304	1920	64	64
fc1448	2368	1920	64	64
fc1449	2432	1920	64	64
fc1450	2496	1920	64	64
fc1451	2560	1920	64	64
fc1452	2624	1920	64	64
fc1453	2688	1920	64	64
fc1454	2752	1920	64	64
fc1455	2816	1920	64	64
fc1456	2880	1920	64	64
fc1457	2944	1920	64	64
fc1458	0	1984	64	64
fc1459	64	1984	64	64
fc1460	128	1984	64	64
fc1461	192	1984	64	64
fc1462	256	1984	64	64
fc1463	320	1984	64	64
fc1464	384	1984	64	64
fc1465	448	1984	64	64
fc1466	512	1984	64	64
fc1467	576	1984	64	64
fc1468	640	1984	64	64
fc1469	704	1984	64	64
fc1470	768	1984	64	64
fc1471	832	1984	64	64
fc1472	896	1984	64	64
fc1473	960	1984	64	64
fc1474	1024	1984	64	64
fc1475	1088	1984	64	64
fc1476	1152	1984	64	64
fc1477	1216	1984	64	64
fc1478	1280	1984	64	64
fc1479	1344	1984	64	64
fc1480	1408	1984	64	64
fc1481	1472	1984	64	64
fc1482	1536	1984	64	64
fc1483	1600	1984	64	64
fc1484	1664	1984	64	64
fc1485	1728	1984	64	64
fc1486	1792	1984	64	64
fc1487	1856	1984	64	64
fc1488	1920	1984	64	64
fc1489	1984	1984	64	64
fc1490	2048	1984	64	64
fc1491	2112	1984	64	64
fc1492	2176	1984	64	64
fc1493	2240	1984	64	64
fc1494	2304	1984	64	64
fc1495	2368	1984	64	64
fc1496	2432	1984	64	64
fc1497	2496	1984	64	64
fc1498	2560	1984	64	64
fc1499	2624	1984	64	64
fc1500	2688	1984	64	64
fc1501	2752	1984	64	64
fc1502	2816	1984	64	64
fc1503	2880	1984	64	64
fc1504	2944	1984	64	64
fc1505	0	2048	64	64
fc1506	64	2048	64	64
fc1507	128	2048	64	64
fc1508	192	2048	64	64
fc1509	256	2048	64	64
fc1510	320	2048	64	64
fc1511	384	2048	64	64
fc1512	448	2048	64	64
fc1513	512	2048	64	64
fc1514	576	2048	64	64
fc1515	640	2048	64	64
fc1516	704	2048	64	64
fc1517	768	2048	64	64
fc1518	832	2048	64	64
fc1519	896	2048	64	64
fc1520	960	2048	64	64
fc1521	1024	2048	64	64
fc1522	1088	2048	64	64
fc1523	1152	2048	64	64
fc1524	1216	2048	64	64
fc1525	1280	2048	64	64
fc1526	1344	2048	64	64
fc1527	1408	2048	64	64
fc1528	1472	2048	64	64
fc1529	1536	2048	64	64
fc1530	1600	2048	64	64
fc1531	1664	2048	64	64
fc1532	1728	2048	64	64
fc1533	1792	2048	64	64
fc1534	1856	2048	64	64
fc1535	1920	2048	64	64
fc1536	1984	2048	64	64
fc1537	2048	2048	64	64
fc1538	2112	2048	64	64
fc1539	2176	2048	64	64
fc1540	2240	2048	64	64
fc1541	2304	2048	64	64
fc1542	2368	2048	64	64
fc1543	2432	2048	64	64
fc1544	2496	2048	64	64
fc1545	2560	2048	64	64
fc1546	2624	2048	64	64
fc1547	2688	2048	64	64
fc1548	2752	2048	64	64
fc1549	2816	2048	64	64
fc1550	2880	2048	64	64
fc1551	2944	2048	64	64
fc1552	0	2112	64	64
fc1553	64	2112	64	64
fc1554	128	2112	64	64
fc1555	192	2112	64	64
fc1556	256	2112	64	64
fc1557	320	2112	64	64
fc1558	384	2112	64	64
fc1559	448	2112	64	64
fc1560	512	2112	64	64
fc1561	576	2112	64	64
fc1562	640	2112	64	64
fc1563	704	2112	64	64
fc1564	768	2112	64	64
fc1565	832	2112	64	64
fc1566	896	2112	64	64
fc1567	960	2112	64	64
fc1568	1024	2112	64	64
fc1569	1088	2112	64	64
fc1570	1152	2112	64	64
fc1571	1216	2112	64	64
fc1572	1280	2112	64	64
fc1573	1344	2112	64	64
fc1574	1408	2112	64	64
fc1575	1472	2112	64	64
fc1576	1536	2112	64	64
fc1577	1600	2112	64	64
fc1578	1664	2112	64	64
fc1579	1728	2112	64	64
fc1580	1792	2112	64	64
fc1581	1856	2112	64	64
fc1582	1920	2112	64	64
fc1583	1984	2112	64	64
fc1584	2048	2112	64	64
fc1585	2112	2112	64	64
fc1586	2176	2112	64	64
fc1587	2240	2112	64	64
fc1588	2304	2112	64	64
fc1589	2368	2112	64	64
fc1590	2432	2112	64	64
fc1591	2496	2112	64	64
fc1592	2560	2112	64	64
fc1593	2624	2112	64	64
fc1594	2688	2112	64	64
fc1595	2752	2112	64	64
fc1596	2816	2112	64	64
fc1597	2880	2112	64	64
fc1598	2944	2112	64	64
fc1599	0	2176	64	64
fc1600	64	2176	64	64
fc1601	128	2176	64	64
fc1602	192	2176	64	64
fc1603	256	2176	64	64
fc1604	320	2176	64	64
fc1605	384	2176	64	64
fc1606	448	2176	64	64
fc1607	512	2176	64	64
fc1608	576	2176	64	64
fc1609	640	2176	64	64
fc1610	704	2176	64	64
fc1611	768	2176	64	64
fc1612	832	2176	64	64
fc1613	896	2176	64	64
fc1614	960	2176	64	64
fc1615	1024	2176	64	64
fc1616	1088	2176	64	64
fc1617	1152	2176	64	64
fc1618	1216	2176	64	64
fc1619	1280	2176	64	64
fc1620	1344	2176	64	64
fc1621	1408	2176	64	64
fc1622	1472	2176	64	64
fc1623	1536	2176	64	64
fc1624	1600	2176	64	64
fc1625	1664	2176	64	64
fc1626	1728	2176	64	64
fc1627	1792	2176	64	64
fc1628	1856	2176	64	64
fc1629	1920	2176	64	64
fc1630	1984	2176	64	64
fc1631	2048	2176	64	64
fc1632	2112	2176	64	64
fc1633	2176	2176	64	64
fc1634	2240	2176	64	64
fc1635	2304	2176	64	64
fc1636	2368	2176	64	64
fc1637	2432	2176	64	64
fc1638	2496	2176	64	64
fc1639	2560	2176	64	64
fc1640	2624	2176	64	64
fc1641	2688	2176	64	64
fc1642	2752	2176	64	64
fc1643	2816	2176	64	64
fc1644	2880	2176	64	64
fc1645	2944	2176	64	64
fc1646	0	2240	64	64
fc1647	64	2240	64	64
fc1648	128	2240	64	64
fc1649	192	2240	64	64
fc1650	256	2240	64	64
fc1651	320	2240	64	64
fc1652	384	2240	64	64
fc1653	448	2240	64	64
fc1654	512	2240	64	64
fc1655	576	2240	64	64
fc1656	640	2240	64	64
fc1657	704	2240	64	64
fc1658	768	2240	64	64
fc1659	832	2240	64	64
fc1660	896	2240	64	64
fc1661	960	2240	64	64
fc1662	1024	2240	64	64
fc1663	1088	2240	64	64
fc1664	1152	2240	64	64
fc1665	1216	2240	64	64
fc1666	1280	2240	64	64
fc1667	1344	2240	64	64
fc1668	1408	2240	64	64
fc1669	1472	2240	64	64
fc1670	1536	2240	64	64
fc1671	1600	2240	64	64
fc1672	1664	2240	64	64
fc1673	1728	2240	64	64
fc1674	1792	2240	64	64
fc1675	1856	2240	64	64
fc1676	1920	2240	64	64
fc1677	1984	2240	64	64
fc1678	2048	2240	64	64
fc1679	2112	2240	64	64
fc1680	2176	2240	64	64
fc1681	2240	2240	64	64
fc1682	2304	2240	64	64
fc1683	2368	2240	64	64
fc1684	2432	2240	64	64
fc1685	2496	2240	64	64
fc1686	2560	2240	64	64
fc1687	2624	2240	64	64
fc1688	2688	2240	64	64
fc1689	2752	2240	64	64
fc1690	2816	2240	64	64
fc1691	2880	2240	64	64
fc1692	2944	2240	64	64
fc1693	0	2304	64	64
fc1694	64	2304	64	64
fc1695	128	2304	64	64
fc1696	192	2304	64	64
fc1697	256	2304	64	64
fc1698	320	2304	64	64
fc1699	384	2304	64	64
fc1700	448	2304	64	64
fc1701	512	2304	64	64
fc1702	576	2304	64	64
fc1703	640	2304	64	64
fc1704	704	2304	64	64
fc1705	768	2304	64	64
fc1706	832	2304	64	64
fc1707	896	2304	64	64
fc1708	960	2304	64	64
fc1709	1024	2304	64	64
fc1710	1088	2304	64	64
fc1711	1152	2304	64	64
fc1712	1216	2304	64	64
fc1713	1280	2304	64	64
fc1714	1344	2304	64	64
fc1715	1408	2304	64	64
fc1716	1472	2304	64	64
fc1717	1536	2304	64	64
fc1718	1600	2304	64	64
fc1719	1664	2304	64	64
fc1720	1728	2304	64	64
fc1721	1792	2304	64	64
fc1722	1856	2304	64	64
fc1723	1920	2304	64	64
fc1724	1984	2304	64	64
fc1725	2048	2304	64	64
fc1726	2112	2304	64	64
fc1727	2176	2304	64	64
fc1728	2240	2304	64	64
fc1729	2304	2304	64	64
fc1730	2368	2304	64	64
fc1731	2432	2304	64	64
fc1732	2496	2304	64	64
fc1733	2560	2304	64	64
fc1734	2624	2304	64	64
fc1735	2688	2304	64	64
fc1736	2752	2304	64	64
fc1737	2816	2304	64	64
fc1738	2880	2304	64	64
fc1739	2944	2304	64	64
fc1740	0	2368	64	64
fc1741	64	2368	64	64
fc1742	128	2368	64	64
fc1743	192	2368	64	64
fc1744	256	2368	64	64
fc1745	320	2368	64	64
fc1746	384	2368	64	64
fc1747	448	2368	64	64
fc1748	512	2368	64	64
fc1749	576	2368	64	64
fc1750	640	2368	64	64
fc1751	704	2368	64	64
fc1752	768	2368	64	64
fc1753	832	2368	64	64
fc1754	896	2368	64	64
fc1755	960	2368	64	64
fc1756	1024	2368	64	64
fc1757	1088	2368	64	64
fc1758	1152	2368	64	64
fc1759	1216	2368	64	64
fc1760	1280	2368	64	64
fc1761	1344	2368	64	64
fc1762	1408	2368	64	64
fc1763	1472	2368	64	64
fc1764	1536	2368	64	64
fc1765	1600	2368	64	64
fc1766	1664	2368	64	64
fc1767	1728	2368	64	64
fc1768	1792	2368	64	64
fc1769	1856	2368	64	64
fc1770	1920	2368	64	64
fc1771	1984	2368	64	64
fc1772	2048	2368	64	64
fc1773	2112	2368	64	64
fc1774	2176	2368	64	64
fc1775	2240	2368	64	64
fc1776	2304	2368	64	64
fc1777	2368	2368	64	64
fc1778	2432	2368	64	64
fc1779	2496	2368	64	64
fc1780	2560	2368	64	64
fc1781	2624	2368	64	64
fc1782	2688	2368	64	64
fc1783	2752	2368	64	64
fc1784	2816	2368	64	64
fc1785	2880	2368	64	64
fc1786	2944	2368	64	64
fc1787	0	2432	64	64
fc1788	64	2432	64	64
fc1789	128	2432	64	64
fc1790	192	2432	64	64
fc1791	256	2432	64	64
fc1792	320	2432	64	64
fc1793	384	2432	64	64
fc1794	448	2432	64	64
fc1795	512	2432	64	64
fc1796	576	2432	64	64
fc1797	640	2432	64	64
fc1798	704	2432	64	64
fc1799	768	2432	64	64
fc1800	832	2432	64	64
fc1801	896	2432	64	64
fc1802	960	2432	64	64
fc1803	1024	2432	64	64
fc1804	1088	2432	64	64
fc1805	1152	2432	64	64
fc1806	1216	2432	64	64
fc1807	1280	2432	64	64
fc1808	1344	2432	64	64
fc1809	1408	2432	64	64
fc1810	1472	2432	64	64
fc1811	1536	2432	64	64
fc1812	1600	2432	64	64
fc1813	1664	2432	64	64
fc1814	1728	2432	64	64
fc1815	1792	2432	64	64
fc1816	1856	2432	64	64
fc1817	1920	2432	64	64
fc1818	1984	2432	64	64
fc1819	2048	2432	64	64
fc1820	2112	2432	64	64
fc1821	2176	2432	64	64
fc1822	2240	2432	64	64
fc1823	2304	2432	64	64
fc1824	2368	2432	64	64
fc1825	2432	2432	64	64
fc1826	2496	2432	64	64
fc1827	2560	2432	64	64
fc1828	2624	2432	64	64
fc1829	2688	2432	64	64
fc1830	2752	2432	64	64
fc1831	2816	2432	64	64
fc1832	2880	2432	64	64
fc1833	2944	2432	64	64
fc1834	0	2496	64	64
fc1835	64	2496	64	64
fc1836	128	2496	64	64
fc1837	192	2496	64	64
fc1838	256	2496	64	64
fc1839	320	2496	64	64
fc1840	384	2496	64	64
fc1841	448	2496	64	64
fc1842	512	2496	64	64
fc1843	576	2496	64	64
fc1844	640	2496	64	64
fc1845	704	2496	64	64
fc1846	768	2496	64	64
fc1847	832	2496	64	64
fc1848	896	2496	64	64
fc1849	960	2496	64	64
fc1850	1024	2496	64	64
fc1851	1088	2496	64	64
fc1852	1152	2496	64	64
fc1853	1216	2496	64	64
fc1854	1280	2496	64	64
fc1855	1344	2496	64	64
fc1856	1408	2496	64	64
fc1857	1472	2496	64	64
fc1858	1536	2496	64	64
fc1859	1600	2496	64	64
fc1860	1664	2496	64	64
fc1861	1728	2496	64	64
fc1862	1792	2496	64	64
fc1863	1856	2496	64	64
fc1864	1920	2496	64	64
fc1865	1984	2496	64	64
fc1866	2048	2496	64	64
fc1867	2112	2496	64	64
fc1868	2176	2496	64	64
fc1869	2240	2496	64	64
fc1870	2304	2496	64	64
fc1871	2368	2496	64	64
fc1872	2432	2496	64	64
fc1873	2496	2496	64	64
fc1874	2560	2496	64	64
fc1875	2624	2496	64	64
fc1876	2688	2496	64	64
fc1877	2752	2496	64	64
fc1878	2816	2496	64	64
fc1879	2880	2496	64	64
fc1880	2944	2496	64	64
fc1881	0	2560	64	64
fc1882	64	2560	64	64
fc1883	128	2560	64	64
fc1884	192	2560	64	64
fc1885	256	2560	64	64
fc1886	320	2560	64	64
fc1887	384	2560	64	64
fc1888	448	2560	64	64
fc1889	512	2560	64	64
fc1890	576	2560	64	64
fc1891	640	2560	64	64
fc1892	704	2560	64	64
fc1893	768	2560	64	64
fc1894	832	2560	64	64
fc1895	896	2560	64	64
fc1896	960	2560	64	64
fc1897	1024	2560	64	64
fc1898	1088	2560	64	64
fc1899	1152	2560	64	64
fc1900	1216	2560	64	64
fc1901	1280	2560	64	64
fc1902	1344	2560	64	64
fc1903	1408	2560	64	64
fc1904	1472	2560	64	64
fc1905	1536	2560	64	64
fc1906	1600	2560	64	64
fc1907	1664	2560	64	64
fc1908	1728	2560	64	64
fc1909	1792	2560	64	64
fc1910	1856	2560	64	64
fc1911	1920	2560	64	64
fc1912	1984	2560	64	64
fc1913	2048	2560	64	64
fc1914	2112	2560	64	64
fc1915	2176	2560	64	64
fc1916	2240	2560	64	64
fc1917	2304	2560	64	64
fc1918	2368	2560	64	64
fc1919	2432	2560	64	64
fc1920	2496	2560	64	64
fc1921	2560	2560	64	64
fc1922	2624	2560	64	64
fc1923	2688	2560	64	64
fc1924	2752	2560	64	64
fc1925	2816	2560	64	64
fc1926	2880	2560	64	64
fc1927	2944	2560	64	64
fc1928	0	2624	64	64
fc1929	64	2624	64	64
fc1930	128	2624	64	64
fc1931	192	2624	64	64
fc1932	256	2624	64	64
fc1933	320	2624	64	64
fc1934	384	2624	64	64
fc1935	448	2624	64	64
fc1936	512	2624	64	64
fc1937	576	2624	64	64
fc1938	640	2624	64	64
fc1939	704	2624	64	64
fc1940	768	2624	64	64
fc1941	832	2624	64	64
fc1942	896	2624	64	64
fc1943	960	2624	64	64
fc1944	1024	2624	64	64
fc1945	1088	2624	64	64
fc1946	1152	2624	64	64
fc1947	1216	2624	64	64
fc1948	1280	2624	64	64
fc1949	1344	2624	64	64
fc1950	1408	2624	64	64
fc1951	1472	2624	64	64
fc1952	1536	2624	64	64
fc1953	1600	2624	64	64
fc1954	1664	2624	64	64
fc1955	1728	2624	64	64
fc1956	1792	2624	64	64
fc1957	1856	2624	64	64
fc1958	1920	2624	64	64
fc1959	1984	2624	64	64
fc1960	2048	2624	64	64
fc1961	2112	2624	64	64
fc1962	2176	2624	64	64
fc1963	2240	2624	64	64
fc1964	2304	2624	64	64
fc1965	2368	2624	64	64
fc1966	2432	2624	64	64
fc1967	2496	2624	64	64
fc1968	2560	2624	64	64
fc1969	2624	2624	64	64
fc1970	2688	2624	64	64
fc1971	2752	2624	64	64
fc1972	2816	2624	64	64
fc1973	2880	2624	64	64
fc1974	2944	2624	64	64
fc1975	0	2688	64	64
fc1976	64	2688	64	64
fc1977	128	2688	64	64
fc1978	192	2688	64	64
fc1979	256	2688	64	64
fc1980	320	2688	64	64
fc1981	384	2688	64	64
fc1982	448	2688	64	64
fc1983	512	2688	64	64
fc1984	576	2688	64	64
fc1985	640	2688	64	64
fc1986	704	2688	64	64
fc1987	768	2688	64	64
fc1988	832	2688	64	64
fc1989	896	2688	64	64
fc1990	960	2688	64	64
fc1991	1024	2688	64	64
fc1992	1088	2688	64	64
fc1993	1152	2688	64	64
fc1994	1216	2688	64	64
fc1995	1280	2688	64	64
fc1996	1344	2688	64	64
fc1997	1408	2688	64	64
fc1998	1472	2688	64	64
fc1999	1536	2688	64	64
fc2000	1600	2688	64	64
fc2001	1664	2688	64	64
fc2002	1728	2688	64	64
fc2003	1792	2688	64	64
fc2004	1856	2688	64	64
fc2005	1920	2688	64	64
fc2006	1984	2688	64	64
fc2007	2048	2688	64	64
fc2008	2112	2688	64	64
fc2009	2176	2688	64	64
fc2010	2240	2688	64	64
fc2011	2304	2688	64	64
fc2012	2368	2688	64	64
fc2013	2432	2688	64	64
fc2014	2496	2688	64	64
fc2015	2560	2688	64	64
fc2016	2624	2688	64	64
fc2017	2688	2688	64	64
fc2018	2752	2688	64	64
fc2019	2816	2688	64	64
fc2020	2880	2688	64	64
fc2021	2944	2688	64	64
fc2022	0	2752	64	64
fc2023	64	2752	64	64
fc2024	128	2752	64	64
fc2025	192	2752	64	64
fc2026	256	2752	64	64
fc2027	320	2752	64	64
fc2028	384	2752	64	64
fc2029	448	2752	64	64
fc2030	512	2752	64	64
fc2031	576	2752	64	64
fc2032	640	2752	64	64
fc2033	704	2752	64	64
fc2034	768	2752	64	64
fc2035	832	2752	64	64
fc2036	896	2752	64	64
fc2037	960	2752	64	64
fc2038	1024	2752	64	64
fc2039	1088	2752	64	64
fc2040	1152	2752	64	64
fc2041	1216	2752	64	64
fc2042	1280	2752	64	64
fc2043	1344	2752	64	64
fc2044	1408	2752	64	64
fc2045	1472	2752	64	64
fc2046	1536	2752	64	64
fc2047	1600	2752	64	64
fc2048	1664	2752	64	64
fc2049	1728	2752	64	64
fc2050	1792	2752	64	64
fc2051	1856	2752	64	64
fc2052	1920	2752	64	64
fc2053	1984	2752	64	64
fc2054	2048	2752	64	64
fc2055	2112	2752	64	64
fc2056	2176	2752	64	64
fc2057	2240	2752	64	64
fc2058	2304	2752	64	64
fc2059	2368	2752	64	64
fc2060	2432	2752	64	64
fc2061	2496	2752	64	64
fc2062	2560	2752	64	64
fc2063	2624	2752	64	64
fc2064	2688	2752	64	64
fc2065	2752	2752	64	64
fc2066	2816	2752	64	64
fc2067	2880	2752	64	64
fc2068	2944	2752	64	64
fc2069	0	2816	64	64
fc2070	64	2816	64	64
fc2071	128	2816	64	64
fc2072	192	2816	64	64
fc2073	256	2816	64	64
fc2074	320	2816	64	64
fc2075	384	2816	64	64
fc2076	448	2816	64	64
fc2077	512	2816	64	64
fc2078	576	2816	64	64
fc2079	640	2816	64	64
fc2080	704	2816	64	64
fc2081	768	2816	64	64
fc2082	832	2816	64	64
fc2083	896	2816	64	64
fc2084	960	2816	64	64
fc2085	1024	2816	64	64
fc2086	1088	2816	64	64
fc2087	1152	2816	64	64
fc2088	1216	2816	64	64
fc2089	1280	2816	64	64
fc2090	1344	2816	64	64
fc2091	1408	2816	64	64
fc2092	1472	2816	64	64
fc2093	1536	2816	64	64
fc2094	1600	2816	64	64
fc2095	1664	2816	64	64
fc2096	1728	2816	64	64
fc2097	1792	2816	64	64
fc2098	1856	2816	64	64
fc2099	1920	2816	64	64
fc2100	1984	2816	64	64
fc2101	2048	2816	64	64
fc2102	2112	2816	64	64
fc2103	2176	2816	64	64
fc2104	2240	2816	64	64
fc2105	2304	2816	64	64
fc2106	2368	2816	64	64
fc2107	2432	2816	64	64
fc2108	2496	2816	64	64
fc2109	2560	2816	64	64
fc2110	2624	2816	64	64
fc2111	2688	2816	64	64
fc2112	2752	2816	64	64
fc2113	2816	2816	64	64
fc2114	2880	2816	64	64
fc2115	2944	2816	64	64
fc2116	0	2880	64	64
fc2117	64	2880	64	64
fc2118	128	2880	64	64
fc2119	192	2880	64	64
fc2120	256	2880	64	64
fc2121	320	2880	64	64
fc2122	384	2880	64	64
fc2123	448	2880	64	64
fc2124	512	2880	64	64
fc2125	576	2880	64	64
fc2126	640	2880	64	64
fc2127	704	2880	64	64
fc2128	768	2880	64	64
fc2129	832	2880	64	64
fc2130	896	2880	64	64
fc2131	960	2880	64	64
fc2132	1024	2880	64	64
fc2133	1088	2880	64	64
fc2134	1152	2880	64	64
fc2135	1216	2880	64	64
fc2136	1280	2880	64	64
fc2137	1344	2880	64	64
fc2138	1408	2880	64	64
fc2139	1472	2880	64	64
fc2140	1536	2880	64	64
fc2141	1600	2880	64	64
fc2142	1664	2880	64	64
fc2143	1728	2880	64	64
fc2144	1792	2880	64	64
fc2145	1856	2880	64	64
fc2146	1920	2880	64	64
fc2147	1984	2880	64	64
fc2148	2048	2880	64	64
fc2149	2112	2880	64	64
fc2150	2176	2880	64	64
fc2151	2240	2880	64	64
fc2152	2304	2880	64	64
fc2153	2368	2880	64	64
fc2154	2432	2880	64	64
fc2155	2496	2880	64	64
fc2156	2560	2880	64	64
fc2157	2624	2880	64	64
fc2158	2688	2880	64	64
fc2159	2752	2880	64	64
fc2160	2816	2880	64	64
fc2161	2880	2880	64	64
fc2162	2944	2880	64	64
fc2163	0	2944	64	64
fc2164	64	2944	64	64
fc2165	128	2944	64	64
fc2166	192	2944	64	64
fc2167	256	2944	64	64
fc2168	320	2944	64	64
fc2169	384	2944	64	64
fc2170	448	2944	64	64
fc2171	512	2944	64	64
fc2172	576	2944	64	64
fc2173	640	2944	64	64
fc2174	704	2944	64	64
fc2175	768	2944	64	64
fc2176	832	2944	64	64
fc2177	896	2944	64	64
fc2178	960	2944	64	64
fc2179	1024	2944	64	64
fc2180	1088	2944	64	64
fc2181	1152	2944	64	64
fc2182	1216	2944	64	64
fc2183	1280	2944	64	64
fc2184	1344	2944	64	64
fc2185	1408	2944	64	64
fc2186	1472	2944	64	64
fc2187	1536	2944	64	64
fc2188	1600	2944	64	64
fc2189	1664	2944	64	64
fc2190	1728	2944	64	64
fc2191	1792	2944	64	64
fc2192	1856	2944	64	64
